0.00000e+00	0.00000e+00	9.14063e-06
0.00000e+00	6.25000e-04	7.03125e-05
0.00000e+00	1.87500e-03	1.34420e-04
0.00000e+00	3.12500e-03	1.90553e-04
0.00000e+00	4.37500e-03	2.39281e-04
0.00000e+00	5.62500e-03	2.80476e-04
0.00000e+00	6.87500e-03	3.14176e-04
0.00000e+00	8.12500e-03	3.40389e-04
0.00000e+00	9.37500e-03	3.59112e-04
0.00000e+00	1.06250e-02	3.70343e-04
0.00000e+00	1.18750e-02	3.74077e-04
0.00000e+00	1.31250e-02	3.70312e-04
0.00000e+00	1.43750e-02	3.59048e-04
0.00000e+00	1.56250e-02	3.40282e-04
0.00000e+00	1.68750e-02	3.14013e-04
0.00000e+00	1.81250e-02	2.80236e-04
0.00000e+00	1.93750e-02	2.38949e-04
0.00000e+00	2.06250e-02	1.90149e-04
0.00000e+00	2.18750e-02	1.33844e-04
0.00000e+00	2.31250e-02	7.00717e-05
0.00000e+00	2.43750e-02	8.78263e-06

6.25000e-04	0.00000e+00	9.14063e-06
6.25000e-04	6.25000e-04	7.03125e-05
6.25000e-04	1.87500e-03	1.35481e-04
6.25000e-04	3.12500e-03	1.91477e-04
6.25000e-04	4.37500e-03	2.40197e-04
6.25000e-04	5.62500e-03	2.81209e-04
6.25000e-04	6.87500e-03	3.14707e-04
6.25000e-04	8.12500e-03	3.40754e-04
6.25000e-04	9.37500e-03	3.59353e-04
6.25000e-04	1.06250e-02	3.70489e-04
6.25000e-04	1.18750e-02	3.74146e-04
6.25000e-04	1.31250e-02	3.70312e-04
6.25000e-04	1.43750e-02	3.58979e-04
6.25000e-04	1.56250e-02	3.40136e-04
6.25000e-04	1.68750e-02	3.13772e-04
6.25000e-04	1.81250e-02	2.79871e-04
6.25000e-04	1.93750e-02	2.38418e-04
6.25000e-04	2.06250e-02	1.89416e-04
6.25000e-04	2.18750e-02	1.32928e-04
6.25000e-04	2.31250e-02	6.91484e-05
6.25000e-04	2.43750e-02	7.72247e-06

1.87500e-03	0.00000e+00	9.49862e-06
1.87500e-03	6.25000e-04	7.07941e-05
1.87500e-03	1.87500e-03	1.35094e-04
1.87500e-03	3.12500e-03	1.91632e-04
1.87500e-03	4.37500e-03	2.40412e-04
1.87500e-03	5.62500e-03	2.81451e-04
1.87500e-03	6.87500e-03	3.14916e-04
1.87500e-03	8.12500e-03	3.40908e-04
1.87500e-03	9.37500e-03	3.59449e-04
1.87500e-03	1.06250e-02	3.70532e-04
1.87500e-03	1.18750e-02	3.74138e-04
1.87500e-03	1.31250e-02	3.70252e-04
1.87500e-03	1.43750e-02	3.58858e-04
1.87500e-03	1.56250e-02	3.39940e-04
1.87500e-03	1.68750e-02	3.13476e-04
1.87500e-03	1.81250e-02	2.79450e-04
1.87500e-03	1.93750e-02	2.37871e-04
1.87500e-03	2.06250e-02	1.88846e-04
1.87500e-03	2.18750e-02	1.32225e-04
1.87500e-03	2.31250e-02	6.93200e-05
1.87500e-03	2.43750e-02	8.18907e-06

3.12500e-03	0.00000e+00	9.84970e-06
3.12500e-03	6.25000e-04	7.14766e-05
3.12500e-03	1.87500e-03	1.34913e-04
3.12500e-03	3.12500e-03	1.91691e-04
3.12500e-03	4.37500e-03	2.40409e-04
3.12500e-03	5.62500e-03	2.81472e-04
3.12500e-03	6.87500e-03	3.14952e-04
3.12500e-03	8.12500e-03	3.40934e-04
3.12500e-03	9.37500e-03	3.59452e-04
3.12500e-03	1.06250e-02	3.70502e-04
3.12500e-03	1.18750e-02	3.74070e-04
3.12500e-03	1.31250e-02	3.70136e-04
3.12500e-03	1.43750e-02	3.58681e-04
3.12500e-03	1.56250e-02	3.39681e-04
3.12500e-03	1.68750e-02	3.13112e-04
3.12500e-03	1.81250e-02	2.78971e-04
3.12500e-03	1.93750e-02	2.37329e-04
3.12500e-03	2.06250e-02	1.88430e-04
3.12500e-03	2.18750e-02	1.31942e-04
3.12500e-03	2.31250e-02	6.98301e-05
3.12500e-03	2.43750e-02	8.71561e-06

4.37500e-03	0.00000e+00	1.01534e-05
4.37500e-03	6.25000e-04	7.22683e-05
4.37500e-03	1.87500e-03	1.35038e-04
4.37500e-03	3.12500e-03	1.91747e-04
4.37500e-03	4.37500e-03	2.40299e-04
4.37500e-03	5.62500e-03	2.81349e-04
4.37500e-03	6.87500e-03	3.14856e-04
4.37500e-03	8.12500e-03	3.40855e-04
4.37500e-03	9.37500e-03	3.59372e-04
4.37500e-03	1.06250e-02	3.70407e-04
4.37500e-03	1.18750e-02	3.73947e-04
4.37500e-03	1.31250e-02	3.69973e-04
4.37500e-03	1.43750e-02	3.58458e-04
4.37500e-03	1.56250e-02	3.39377e-04
4.37500e-03	1.68750e-02	3.12705e-04
4.37500e-03	1.81250e-02	2.78470e-04
4.37500e-03	1.93750e-02	2.36830e-04
4.37500e-03	2.06250e-02	1.88161e-04
4.37500e-03	2.18750e-02	1.32010e-04
4.37500e-03	2.31250e-02	7.05177e-05
4.37500e-03	2.43750e-02	9.14925e-06

5.62500e-03	0.00000e+00	1.04167e-05
5.62500e-03	6.25000e-04	7.31231e-05
5.62500e-03	1.87500e-03	1.35412e-04
5.62500e-03	3.12500e-03	1.91833e-04
5.62500e-03	4.37500e-03	2.40136e-04
5.62500e-03	5.62500e-03	2.81130e-04
5.62500e-03	6.87500e-03	3.14661e-04
5.62500e-03	8.12500e-03	3.40691e-04
5.62500e-03	9.37500e-03	3.59223e-04
5.62500e-03	1.06250e-02	3.70257e-04
5.62500e-03	1.18750e-02	3.73780e-04
5.62500e-03	1.31250e-02	3.69770e-04
5.62500e-03	1.43750e-02	3.58201e-04
5.62500e-03	1.56250e-02	3.39039e-04
5.62500e-03	1.68750e-02	3.12272e-04
5.62500e-03	1.81250e-02	2.77966e-04
5.62500e-03	1.93750e-02	2.36381e-04
5.62500e-03	2.06250e-02	1.88013e-04
5.62500e-03	2.18750e-02	1.32325e-04
5.62500e-03	2.31250e-02	7.13023e-05
5.62500e-03	2.43750e-02	9.48588e-06

6.87500e-03	0.00000e+00	1.06555e-05
6.87500e-03	6.25000e-04	7.40188e-05
6.87500e-03	1.87500e-03	1.35952e-04
6.87500e-03	3.12500e-03	1.91952e-04
6.87500e-03	4.37500e-03	2.39945e-04
6.87500e-03	5.62500e-03	2.80845e-04
6.87500e-03	6.87500e-03	3.14391e-04
6.87500e-03	8.12500e-03	3.40460e-04
6.87500e-03	9.37500e-03	3.59020e-04
6.87500e-03	1.06250e-02	3.70063e-04
6.87500e-03	1.18750e-02	3.73576e-04
6.87500e-03	1.31250e-02	3.69538e-04
6.87500e-03	1.43750e-02	3.57916e-04
6.87500e-03	1.56250e-02	3.38677e-04
6.87500e-03	1.68750e-02	3.11820e-04
6.87500e-03	1.81250e-02	2.77465e-04
6.87500e-03	1.93750e-02	2.35978e-04
6.87500e-03	2.06250e-02	1.87959e-04
6.87500e-03	2.18750e-02	1.32804e-04
6.87500e-03	2.31250e-02	7.21475e-05
6.87500e-03	2.43750e-02	9.75720e-06

8.12500e-03	0.00000e+00	1.08822e-05
8.12500e-03	6.25000e-04	7.49438e-05
8.12500e-03	1.87500e-03	1.36595e-04
8.12500e-03	3.12500e-03	1.92097e-04
8.12500e-03	4.37500e-03	2.39739e-04
8.12500e-03	5.62500e-03	2.80511e-04
8.12500e-03	6.87500e-03	3.14063e-04
8.12500e-03	8.12500e-03	3.40177e-04
8.12500e-03	9.37500e-03	3.58774e-04
8.12500e-03	1.06250e-02	3.69835e-04
8.12500e-03	1.18750e-02	3.73346e-04
8.12500e-03	1.31250e-02	3.69283e-04
8.12500e-03	1.43750e-02	3.57612e-04
8.12500e-03	1.56250e-02	3.38296e-04
8.12500e-03	1.68750e-02	3.11354e-04
8.12500e-03	1.81250e-02	2.76968e-04
8.12500e-03	1.93750e-02	2.35613e-04
8.12500e-03	2.06250e-02	1.87977e-04
8.12500e-03	2.18750e-02	1.33389e-04
8.12500e-03	2.31250e-02	7.30369e-05
8.12500e-03	2.43750e-02	9.99365e-06

9.37500e-03	0.00000e+00	1.11046e-05
9.37500e-03	6.25000e-04	7.58901e-05
9.37500e-03	1.87500e-03	1.37295e-04
9.37500e-03	3.12500e-03	1.92260e-04
9.37500e-03	4.37500e-03	2.39523e-04
9.37500e-03	5.62500e-03	2.80140e-04
9.37500e-03	6.87500e-03	3.13690e-04
9.37500e-03	8.12500e-03	3.39852e-04
9.37500e-03	9.37500e-03	3.58495e-04
9.37500e-03	1.06250e-02	3.69582e-04
9.37500e-03	1.18750e-02	3.73096e-04
9.37500e-03	1.31250e-02	3.69013e-04
9.37500e-03	1.43750e-02	3.57293e-04
9.37500e-03	1.56250e-02	3.37900e-04
9.37500e-03	1.68750e-02	3.10877e-04
9.37500e-03	1.81250e-02	2.76476e-04
9.37500e-03	1.93750e-02	2.35283e-04
9.37500e-03	2.06250e-02	1.88050e-04
9.37500e-03	2.18750e-02	1.34045e-04
9.37500e-03	2.31250e-02	7.39613e-05
9.37500e-03	2.43750e-02	1.02161e-05

1.06250e-02	0.00000e+00	1.13264e-05
1.06250e-02	6.25000e-04	7.68507e-05
1.06250e-02	1.87500e-03	1.38024e-04
1.06250e-02	3.12500e-03	1.92434e-04
1.06250e-02	4.37500e-03	2.39301e-04
1.06250e-02	5.62500e-03	2.79742e-04
1.06250e-02	6.87500e-03	3.13279e-04
1.06250e-02	8.12500e-03	3.39494e-04
1.06250e-02	9.37500e-03	3.58191e-04
1.06250e-02	1.06250e-02	3.69311e-04
1.06250e-02	1.18750e-02	3.72834e-04
1.06250e-02	1.31250e-02	3.68732e-04
1.06250e-02	1.43750e-02	3.56962e-04
1.06250e-02	1.56250e-02	3.37491e-04
1.06250e-02	1.68750e-02	3.10389e-04
1.06250e-02	1.81250e-02	2.75989e-04
1.06250e-02	1.93750e-02	2.34982e-04
1.06250e-02	2.06250e-02	1.88169e-04
1.06250e-02	2.18750e-02	1.34747e-04
1.06250e-02	2.31250e-02	7.49134e-05
1.06250e-02	2.43750e-02	1.04365e-05

1.18750e-02	0.00000e+00	1.15488e-05
1.18750e-02	6.25000e-04	7.78189e-05
1.18750e-02	1.87500e-03	1.38767e-04
1.18750e-02	3.12500e-03	1.92616e-04
1.18750e-02	4.37500e-03	2.39077e-04
1.18750e-02	5.62500e-03	2.79322e-04
1.18750e-02	6.87500e-03	3.12837e-04
1.18750e-02	8.12500e-03	3.39109e-04
1.18750e-02	9.37500e-03	3.57868e-04
1.18750e-02	1.06250e-02	3.69028e-04
1.18750e-02	1.18750e-02	3.72564e-04
1.18750e-02	1.31250e-02	3.68445e-04
1.18750e-02	1.43750e-02	3.56623e-04
1.18750e-02	1.56250e-02	3.37070e-04
1.18750e-02	1.68750e-02	3.09893e-04
1.18750e-02	1.81250e-02	2.75508e-04
1.18750e-02	1.93750e-02	2.34708e-04
1.18750e-02	2.06250e-02	1.88324e-04
1.18750e-02	2.18750e-02	1.35481e-04
1.18750e-02	2.31250e-02	7.58857e-05
1.18750e-02	2.43750e-02	1.06605e-05

1.31250e-02	0.00000e+00	1.17714e-05
1.31250e-02	6.25000e-04	7.87881e-05
1.31250e-02	1.87500e-03	1.39514e-04
1.31250e-02	3.12500e-03	1.92804e-04
1.31250e-02	4.37500e-03	2.38853e-04
1.31250e-02	5.62500e-03	2.78886e-04
1.31250e-02	6.87500e-03	3.12371e-04
1.31250e-02	8.12500e-03	3.38701e-04
1.31250e-02	9.37500e-03	3.57531e-04
1.31250e-02	1.06250e-02	3.68738e-04
1.31250e-02	1.18750e-02	3.72290e-04
1.31250e-02	1.31250e-02	3.68154e-04
1.31250e-02	1.43750e-02	3.56277e-04
1.31250e-02	1.56250e-02	3.36639e-04
1.31250e-02	1.68750e-02	3.09389e-04
1.31250e-02	1.81250e-02	2.75033e-04
1.31250e-02	1.93750e-02	2.34459e-04
1.31250e-02	2.06250e-02	1.88511e-04
1.31250e-02	2.18750e-02	1.36236e-04
1.31250e-02	2.31250e-02	7.68706e-05
1.31250e-02	2.43750e-02	1.08897e-05

1.43750e-02	0.00000e+00	1.19930e-05
1.43750e-02	6.25000e-04	7.97522e-05
1.43750e-02	1.87500e-03	1.40259e-04
1.43750e-02	3.12500e-03	1.92999e-04
1.43750e-02	4.37500e-03	2.38633e-04
1.43750e-02	5.62500e-03	2.78441e-04
1.43750e-02	6.87500e-03	3.11886e-04
1.43750e-02	8.12500e-03	3.38276e-04
1.43750e-02	9.37500e-03	3.57183e-04
1.43750e-02	1.06250e-02	3.68444e-04
1.43750e-02	1.18750e-02	3.72015e-04
1.43750e-02	1.31250e-02	3.67861e-04
1.43750e-02	1.43750e-02	3.55926e-04
1.43750e-02	1.56250e-02	3.36199e-04
1.43750e-02	1.68750e-02	3.08879e-04
1.43750e-02	1.81250e-02	2.74566e-04
1.43750e-02	1.93750e-02	2.34234e-04
1.43750e-02	2.06250e-02	1.88727e-04
1.43750e-02	2.18750e-02	1.37007e-04
1.43750e-02	2.31250e-02	7.78605e-05
1.43750e-02	2.43750e-02	1.11233e-05

1.56250e-02	0.00000e+00	1.22123e-05
1.56250e-02	6.25000e-04	8.07057e-05
1.56250e-02	1.87500e-03	1.40999e-04
1.56250e-02	3.12500e-03	1.93202e-04
1.56250e-02	4.37500e-03	2.38419e-04
1.56250e-02	5.62500e-03	2.77990e-04
1.56250e-02	6.87500e-03	3.11385e-04
1.56250e-02	8.12500e-03	3.37835e-04
1.56250e-02	9.37500e-03	3.56826e-04
1.56250e-02	1.06250e-02	3.68148e-04
1.56250e-02	1.18750e-02	3.71742e-04
1.56250e-02	1.31250e-02	3.67569e-04
1.56250e-02	1.43750e-02	3.55571e-04
1.56250e-02	1.56250e-02	3.35751e-04
1.56250e-02	1.68750e-02	3.08365e-04
1.56250e-02	1.81250e-02	2.74108e-04
1.56250e-02	1.93750e-02	2.34033e-04
1.56250e-02	2.06250e-02	1.88968e-04
1.56250e-02	2.18750e-02	1.37788e-04
1.56250e-02	2.31250e-02	7.88483e-05
1.56250e-02	2.43750e-02	1.13595e-05

1.68750e-02	0.00000e+00	1.24278e-05
1.68750e-02	6.25000e-04	8.16439e-05
1.68750e-02	1.87500e-03	1.41733e-04
1.68750e-02	3.12500e-03	1.93413e-04
1.68750e-02	4.37500e-03	2.38213e-04
1.68750e-02	5.62500e-03	2.77538e-04
1.68750e-02	6.87500e-03	3.10873e-04
1.68750e-02	8.12500e-03	3.37382e-04
1.68750e-02	9.37500e-03	3.56464e-04
1.68750e-02	1.06250e-02	3.67852e-04
1.68750e-02	1.18750e-02	3.71472e-04
1.68750e-02	1.31250e-02	3.67279e-04
1.68750e-02	1.43750e-02	3.55213e-04
1.68750e-02	1.56250e-02	3.35296e-04
1.68750e-02	1.68750e-02	3.07848e-04
1.68750e-02	1.81250e-02	2.73661e-04
1.68750e-02	1.93750e-02	2.33855e-04
1.68750e-02	2.06250e-02	1.89232e-04
1.68750e-02	2.18750e-02	1.38574e-04
1.68750e-02	2.31250e-02	7.98276e-05
1.68750e-02	2.43750e-02	1.15962e-05

1.81250e-02	0.00000e+00	1.26386e-05
1.81250e-02	6.25000e-04	8.25631e-05
1.81250e-02	1.87500e-03	1.42460e-04
1.81250e-02	3.12500e-03	1.93634e-04
1.81250e-02	4.37500e-03	2.38019e-04
1.81250e-02	5.62500e-03	2.77089e-04
1.81250e-02	6.87500e-03	3.10353e-04
1.81250e-02	8.12500e-03	3.36920e-04
1.81250e-02	9.37500e-03	3.56097e-04
1.81250e-02	1.06250e-02	3.67558e-04
1.81250e-02	1.18750e-02	3.71206e-04
1.81250e-02	1.31250e-02	3.66991e-04
1.81250e-02	1.43750e-02	3.54852e-04
1.81250e-02	1.56250e-02	3.34835e-04
1.81250e-02	1.68750e-02	3.07330e-04
1.81250e-02	1.81250e-02	2.73225e-04
1.81250e-02	1.93750e-02	2.33699e-04
1.81250e-02	2.06250e-02	1.89518e-04
1.81250e-02	2.18750e-02	1.39363e-04
1.81250e-02	2.31250e-02	8.07929e-05
1.81250e-02	2.43750e-02	1.18312e-05

1.93750e-02	0.00000e+00	1.28437e-05
1.93750e-02	6.25000e-04	8.34603e-05
1.93750e-02	1.87500e-03	1.43178e-04
1.93750e-02	3.12500e-03	1.93866e-04
1.93750e-02	4.37500e-03	2.37837e-04
1.93750e-02	5.62500e-03	2.76644e-04
1.93750e-02	6.87500e-03	3.09828e-04
1.93750e-02	8.12500e-03	3.36449e-04
1.93750e-02	9.37500e-03	3.55727e-04
1.93750e-02	1.06250e-02	3.67267e-04
1.93750e-02	1.18750e-02	3.70945e-04
1.93750e-02	1.31250e-02	3.66706e-04
1.93750e-02	1.43750e-02	3.54488e-04
1.93750e-02	1.56250e-02	3.34368e-04
1.93750e-02	1.68750e-02	3.06812e-04
1.93750e-02	1.81250e-02	2.72802e-04
1.93750e-02	1.93750e-02	2.33565e-04
1.93750e-02	2.06250e-02	1.89823e-04
1.93750e-02	2.18750e-02	1.40150e-04
1.93750e-02	2.31250e-02	8.17398e-05
1.93750e-02	2.43750e-02	1.20625e-05

2.06250e-02	0.00000e+00	1.30423e-05
2.06250e-02	6.25000e-04	8.43333e-05
2.06250e-02	1.87500e-03	1.43888e-04
2.06250e-02	3.12500e-03	1.94109e-04
2.06250e-02	4.37500e-03	2.37671e-04
2.06250e-02	5.62500e-03	2.76209e-04
2.06250e-02	6.87500e-03	3.09301e-04
2.06250e-02	8.12500e-03	3.35972e-04
2.06250e-02	9.37500e-03	3.55355e-04
2.06250e-02	1.06250e-02	3.66979e-04
2.06250e-02	1.18750e-02	3.70690e-04
2.06250e-02	1.31250e-02	3.66424e-04
2.06250e-02	1.43750e-02	3.54122e-04
2.06250e-02	1.56250e-02	3.33896e-04
2.06250e-02	1.68750e-02	3.06295e-04
2.06250e-02	1.81250e-02	2.72393e-04
2.06250e-02	1.93750e-02	2.33454e-04
2.06250e-02	2.06250e-02	1.90145e-04
2.06250e-02	2.18750e-02	1.40934e-04
2.06250e-02	2.31250e-02	8.26648e-05
2.06250e-02	2.43750e-02	1.22888e-05

2.18750e-02	0.00000e+00	1.32342e-05
2.18750e-02	6.25000e-04	8.51808e-05
2.18750e-02	1.87500e-03	1.44588e-04
2.18750e-02	3.12500e-03	1.94363e-04
2.18750e-02	4.37500e-03	2.37520e-04
2.18750e-02	5.62500e-03	2.75783e-04
2.18750e-02	6.87500e-03	3.08775e-04
2.18750e-02	8.12500e-03	3.35491e-04
2.18750e-02	9.37500e-03	3.54980e-04
2.18750e-02	1.06250e-02	3.66695e-04
2.18750e-02	1.18750e-02	3.70441e-04
2.18750e-02	1.31250e-02	3.66144e-04
2.18750e-02	1.43750e-02	3.53754e-04
2.18750e-02	1.56250e-02	3.33420e-04
2.18750e-02	1.68750e-02	3.05780e-04
2.18750e-02	1.81250e-02	2.71999e-04
2.18750e-02	1.93750e-02	2.33363e-04
2.18750e-02	2.06250e-02	1.90484e-04
2.18750e-02	2.18750e-02	1.41711e-04
2.18750e-02	2.31250e-02	8.35654e-05
2.18750e-02	2.43750e-02	1.25088e-05

2.31250e-02	0.00000e+00	1.34191e-05
2.31250e-02	6.25000e-04	8.60019e-05
2.31250e-02	1.87500e-03	1.45278e-04
2.31250e-02	3.12500e-03	1.94628e-04
2.31250e-02	4.37500e-03	2.37387e-04
2.31250e-02	5.62500e-03	2.75370e-04
2.31250e-02	6.87500e-03	3.08251e-04
2.31250e-02	8.12500e-03	3.35006e-04
2.31250e-02	9.37500e-03	3.54605e-04
2.31250e-02	1.06250e-02	3.66414e-04
2.31250e-02	1.18750e-02	3.70198e-04
2.31250e-02	1.31250e-02	3.65868e-04
2.31250e-02	1.43750e-02	3.53383e-04
2.31250e-02	1.56250e-02	3.32941e-04
2.31250e-02	1.68750e-02	3.05270e-04
2.31250e-02	1.81250e-02	2.71620e-04
2.31250e-02	1.93750e-02	2.33294e-04
2.31250e-02	2.06250e-02	1.90836e-04
2.31250e-02	2.18750e-02	1.42480e-04
2.31250e-02	2.31250e-02	8.44399e-05
2.31250e-02	2.43750e-02	1.27218e-05

2.43750e-02	0.00000e+00	1.35969e-05
2.43750e-02	6.25000e-04	8.67962e-05
2.43750e-02	1.87500e-03	1.45958e-04
2.43750e-02	3.12500e-03	1.94905e-04
2.43750e-02	4.37500e-03	2.37271e-04
2.43750e-02	5.62500e-03	2.74971e-04
2.43750e-02	6.87500e-03	3.07731e-04
2.43750e-02	8.12500e-03	3.34519e-04
2.43750e-02	9.37500e-03	3.54228e-04
2.43750e-02	1.06250e-02	3.66137e-04
2.43750e-02	1.18750e-02	3.69959e-04
2.43750e-02	1.31250e-02	3.65594e-04
2.43750e-02	1.43750e-02	3.53010e-04
2.43750e-02	1.56250e-02	3.32458e-04
2.43750e-02	1.68750e-02	3.04764e-04
2.43750e-02	1.81250e-02	2.71258e-04
2.43750e-02	1.93750e-02	2.33245e-04
2.43750e-02	2.06250e-02	1.91201e-04
2.43750e-02	2.18750e-02	1.43240e-04
2.43750e-02	2.31250e-02	8.52872e-05
2.43750e-02	2.43750e-02	1.29272e-05

2.56250e-02	0.00000e+00	1.37678e-05
2.56250e-02	6.25000e-04	8.75639e-05
2.56250e-02	1.87500e-03	1.46627e-04
2.56250e-02	3.12500e-03	1.95192e-04
2.56250e-02	4.37500e-03	2.37174e-04
2.56250e-02	5.62500e-03	2.74587e-04
2.56250e-02	6.87500e-03	3.07217e-04
2.56250e-02	8.12500e-03	3.34030e-04
2.56250e-02	9.37500e-03	3.53850e-04
2.56250e-02	1.06250e-02	3.65863e-04
2.56250e-02	1.18750e-02	3.69726e-04
2.56250e-02	1.31250e-02	3.65322e-04
2.56250e-02	1.43750e-02	3.52633e-04
2.56250e-02	1.56250e-02	3.31973e-04
2.56250e-02	1.68750e-02	3.04265e-04
2.56250e-02	1.81250e-02	2.70912e-04
2.56250e-02	1.93750e-02	2.33217e-04
2.56250e-02	2.06250e-02	1.91576e-04
2.56250e-02	2.18750e-02	1.43988e-04
2.56250e-02	2.31250e-02	8.61069e-05
2.56250e-02	2.43750e-02	1.31249e-05

2.68750e-02	0.00000e+00	1.39318e-05
2.68750e-02	6.25000e-04	8.83052e-05
2.68750e-02	1.87500e-03	1.47284e-04
2.68750e-02	3.12500e-03	1.95488e-04
2.68750e-02	4.37500e-03	2.37095e-04
2.68750e-02	5.62500e-03	2.74219e-04
2.68750e-02	6.87500e-03	3.06711e-04
2.68750e-02	8.12500e-03	3.33540e-04
2.68750e-02	9.37500e-03	3.53470e-04
2.68750e-02	1.06250e-02	3.65591e-04
2.68750e-02	1.18750e-02	3.69497e-04
2.68750e-02	1.31250e-02	3.65051e-04
2.68750e-02	1.43750e-02	3.52254e-04
2.68750e-02	1.56250e-02	3.31486e-04
2.68750e-02	1.68750e-02	3.03773e-04
2.68750e-02	1.81250e-02	2.70584e-04
2.68750e-02	1.93750e-02	2.33207e-04
2.68750e-02	2.06250e-02	1.91961e-04
2.68750e-02	2.18750e-02	1.44723e-04
2.68750e-02	2.31250e-02	8.68990e-05
2.68750e-02	2.43750e-02	1.33149e-05

2.81250e-02	0.00000e+00	1.40892e-05
2.81250e-02	6.25000e-04	8.90209e-05
2.81250e-02	1.87500e-03	1.47930e-04
2.81250e-02	3.12500e-03	1.95793e-04
2.81250e-02	4.37500e-03	2.37034e-04
2.81250e-02	5.62500e-03	2.73869e-04
2.81250e-02	6.87500e-03	3.06213e-04
2.81250e-02	8.12500e-03	3.33051e-04
2.81250e-02	9.37500e-03	3.53089e-04
2.81250e-02	1.06250e-02	3.65322e-04
2.81250e-02	1.18750e-02	3.69271e-04
2.81250e-02	1.31250e-02	3.64781e-04
2.81250e-02	1.43750e-02	3.51871e-04
2.81250e-02	1.56250e-02	3.30997e-04
2.81250e-02	1.68750e-02	3.03290e-04
2.81250e-02	1.81250e-02	2.70274e-04
2.81250e-02	1.93750e-02	2.33216e-04
2.81250e-02	2.06250e-02	1.92354e-04
2.81250e-02	2.18750e-02	1.45446e-04
2.81250e-02	2.31250e-02	8.76637e-05
2.81250e-02	2.43750e-02	1.34971e-05

2.93750e-02	0.00000e+00	1.42403e-05
2.93750e-02	6.25000e-04	8.97116e-05
2.93750e-02	1.87500e-03	1.48563e-04
2.93750e-02	3.12500e-03	1.96106e-04
2.93750e-02	4.37500e-03	2.36992e-04
2.93750e-02	5.62500e-03	2.73536e-04
2.93750e-02	6.87500e-03	3.05724e-04
2.93750e-02	8.12500e-03	3.32562e-04
2.93750e-02	9.37500e-03	3.52707e-04
2.93750e-02	1.06250e-02	3.65054e-04
2.93750e-02	1.18750e-02	3.69049e-04
2.93750e-02	1.31250e-02	3.64511e-04
2.93750e-02	1.43750e-02	3.51485e-04
2.93750e-02	1.56250e-02	3.30509e-04
2.93750e-02	1.68750e-02	3.02815e-04
2.93750e-02	1.81250e-02	2.69981e-04
2.93750e-02	1.93750e-02	2.33243e-04
2.93750e-02	2.06250e-02	1.92752e-04
2.93750e-02	2.18750e-02	1.46153e-04
2.93750e-02	2.31250e-02	8.84017e-05
2.93750e-02	2.43750e-02	1.36718e-05

3.06250e-02	0.00000e+00	1.43853e-05
3.06250e-02	6.25000e-04	9.03782e-05
3.06250e-02	1.87500e-03	1.49184e-04
3.06250e-02	3.12500e-03	1.96426e-04
3.06250e-02	4.37500e-03	2.36966e-04
3.06250e-02	5.62500e-03	2.73222e-04
3.06250e-02	6.87500e-03	3.05247e-04
3.06250e-02	8.12500e-03	3.32075e-04
3.06250e-02	9.37500e-03	3.52323e-04
3.06250e-02	1.06250e-02	3.64786e-04
3.06250e-02	1.18750e-02	3.68829e-04
3.06250e-02	1.31250e-02	3.64240e-04
3.06250e-02	1.43750e-02	3.51095e-04
3.06250e-02	1.56250e-02	3.30020e-04
3.06250e-02	1.68750e-02	3.02351e-04
3.06250e-02	1.81250e-02	2.69707e-04
3.06250e-02	1.93750e-02	2.33287e-04
3.06250e-02	2.06250e-02	1.93156e-04
3.06250e-02	2.18750e-02	1.46847e-04
3.06250e-02	2.31250e-02	8.91136e-05
3.06250e-02	2.43750e-02	1.38393e-05

3.18750e-02	0.00000e+00	1.45245e-05
3.18750e-02	6.25000e-04	9.10216e-05
3.18750e-02	1.87500e-03	1.49792e-04
3.18750e-02	3.12500e-03	1.96752e-04
3.18750e-02	4.37500e-03	2.36958e-04
3.18750e-02	5.62500e-03	2.72926e-04
3.18750e-02	6.87500e-03	3.04781e-04
3.18750e-02	8.12500e-03	3.31590e-04
3.18750e-02	9.37500e-03	3.51937e-04
3.18750e-02	1.06250e-02	3.64519e-04
3.18750e-02	1.18750e-02	3.68610e-04
3.18750e-02	1.31250e-02	3.63968e-04
3.18750e-02	1.43750e-02	3.50702e-04
3.18750e-02	1.56250e-02	3.29533e-04
3.18750e-02	1.68750e-02	3.01899e-04
3.18750e-02	1.81250e-02	2.69452e-04
3.18750e-02	1.93750e-02	2.33348e-04
3.18750e-02	2.06250e-02	1.93564e-04
3.18750e-02	2.18750e-02	1.47525e-04
3.18750e-02	2.31250e-02	8.98005e-05
3.18750e-02	2.43750e-02	1.39999e-05

3.31250e-02	0.00000e+00	1.46583e-05
3.31250e-02	6.25000e-04	9.16428e-05
3.31250e-02	1.87500e-03	1.50388e-04
3.31250e-02	3.12500e-03	1.97082e-04
3.31250e-02	4.37500e-03	2.36966e-04
3.31250e-02	5.62500e-03	2.72648e-04
3.31250e-02	6.87500e-03	3.04327e-04
3.31250e-02	8.12500e-03	3.31108e-04
3.31250e-02	9.37500e-03	3.51548e-04
3.31250e-02	1.06250e-02	3.64251e-04
3.31250e-02	1.18750e-02	3.68391e-04
3.31250e-02	1.31250e-02	3.63694e-04
3.31250e-02	1.43750e-02	3.50305e-04
3.31250e-02	1.56250e-02	3.29047e-04
3.31250e-02	1.68750e-02	3.01458e-04
3.31250e-02	1.81250e-02	2.69215e-04
3.31250e-02	1.93750e-02	2.33423e-04
3.31250e-02	2.06250e-02	1.93974e-04
3.31250e-02	2.18750e-02	1.48188e-04
3.31250e-02	2.31250e-02	9.04633e-05
3.31250e-02	2.43750e-02	1.41537e-05

3.43750e-02	0.00000e+00	1.47868e-05
3.43750e-02	6.25000e-04	9.22427e-05
3.43750e-02	1.87500e-03	1.50971e-04
3.43750e-02	3.12500e-03	1.97417e-04
3.43750e-02	4.37500e-03	2.36990e-04
3.43750e-02	5.62500e-03	2.72389e-04
3.43750e-02	6.87500e-03	3.03887e-04
3.43750e-02	8.12500e-03	3.30629e-04
3.43750e-02	9.37500e-03	3.51158e-04
3.43750e-02	1.06250e-02	3.63981e-04
3.43750e-02	1.18750e-02	3.68173e-04
3.43750e-02	1.31250e-02	3.63418e-04
3.43750e-02	1.43750e-02	3.49904e-04
3.43750e-02	1.56250e-02	3.28563e-04
3.43750e-02	1.68750e-02	3.01030e-04
3.43750e-02	1.81250e-02	2.68996e-04
3.43750e-02	1.93750e-02	2.33513e-04
3.43750e-02	2.06250e-02	1.94386e-04
3.43750e-02	2.18750e-02	1.48837e-04
3.43750e-02	2.31250e-02	9.11028e-05
3.43750e-02	2.43750e-02	1.43014e-05

3.56250e-02	0.00000e+00	1.49105e-05
3.56250e-02	6.25000e-04	9.28224e-05
3.56250e-02	1.87500e-03	1.51542e-04
3.56250e-02	3.12500e-03	1.97754e-04
3.56250e-02	4.37500e-03	2.37028e-04
3.56250e-02	5.62500e-03	2.72149e-04
3.56250e-02	6.87500e-03	3.03460e-04
3.56250e-02	8.12500e-03	3.30155e-04
3.56250e-02	9.37500e-03	3.50765e-04
3.56250e-02	1.06250e-02	3.63710e-04
3.56250e-02	1.18750e-02	3.67953e-04
3.56250e-02	1.31250e-02	3.63138e-04
3.56250e-02	1.43750e-02	3.49500e-04
3.56250e-02	1.56250e-02	3.28083e-04
3.56250e-02	1.68750e-02	3.00615e-04
3.56250e-02	1.81250e-02	2.68795e-04
3.56250e-02	1.93750e-02	2.33617e-04
3.56250e-02	2.06250e-02	1.94798e-04
3.56250e-02	2.18750e-02	1.49470e-04
3.56250e-02	2.31250e-02	9.17204e-05
3.56250e-02	2.43750e-02	1.44431e-05

3.68750e-02	0.00000e+00	1.50296e-05
3.68750e-02	6.25000e-04	9.33827e-05
3.68750e-02	1.87500e-03	1.52100e-04
3.68750e-02	3.12500e-03	1.98094e-04
3.68750e-02	4.37500e-03	2.37080e-04
3.68750e-02	5.62500e-03	2.71927e-04
3.68750e-02	6.87500e-03	3.03047e-04
3.68750e-02	8.12500e-03	3.29685e-04
3.68750e-02	9.37500e-03	3.50370e-04
3.68750e-02	1.06250e-02	3.63435e-04
3.68750e-02	1.18750e-02	3.67731e-04
3.68750e-02	1.31250e-02	3.62854e-04
3.68750e-02	1.43750e-02	3.49092e-04
3.68750e-02	1.56250e-02	3.27607e-04
3.68750e-02	1.68750e-02	3.00215e-04
3.68750e-02	1.81250e-02	2.68613e-04
3.68750e-02	1.93750e-02	2.33733e-04
3.68750e-02	2.06250e-02	1.95211e-04
3.68750e-02	2.18750e-02	1.50088e-04
3.68750e-02	2.31250e-02	9.23168e-05
3.68750e-02	2.43750e-02	1.45794e-05

3.81250e-02	0.00000e+00	1.51443e-05
3.81250e-02	6.25000e-04	9.39245e-05
3.81250e-02	1.87500e-03	1.52646e-04
3.81250e-02	3.12500e-03	1.98435e-04
3.81250e-02	4.37500e-03	2.37146e-04
3.81250e-02	5.62500e-03	2.71722e-04
3.81250e-02	6.87500e-03	3.02649e-04
3.81250e-02	8.12500e-03	3.29221e-04
3.81250e-02	9.37500e-03	3.49973e-04
3.81250e-02	1.06250e-02	3.63157e-04
3.81250e-02	1.18750e-02	3.67506e-04
3.81250e-02	1.31250e-02	3.62566e-04
3.81250e-02	1.43750e-02	3.48681e-04
3.81250e-02	1.56250e-02	3.27136e-04
3.81250e-02	1.68750e-02	2.99828e-04
3.81250e-02	1.81250e-02	2.68447e-04
3.81250e-02	1.93750e-02	2.33860e-04
3.81250e-02	2.06250e-02	1.95623e-04
3.81250e-02	2.18750e-02	1.50692e-04
3.81250e-02	2.31250e-02	9.28930e-05
3.81250e-02	2.43750e-02	1.47102e-05

3.93750e-02	0.00000e+00	1.52547e-05
3.93750e-02	6.25000e-04	9.44487e-05
3.93750e-02	1.87500e-03	1.53180e-04
3.93750e-02	3.12500e-03	1.98778e-04
3.93750e-02	4.37500e-03	2.37223e-04
3.93750e-02	5.62500e-03	2.71535e-04
3.93750e-02	6.87500e-03	3.02265e-04
3.93750e-02	8.12500e-03	3.28763e-04
3.93750e-02	9.37500e-03	3.49573e-04
3.93750e-02	1.06250e-02	3.62875e-04
3.93750e-02	1.18750e-02	3.67278e-04
3.93750e-02	1.31250e-02	3.62273e-04
3.93750e-02	1.43750e-02	3.48267e-04
3.93750e-02	1.56250e-02	3.26670e-04
3.93750e-02	1.68750e-02	2.99457e-04
3.93750e-02	1.81250e-02	2.68299e-04
3.93750e-02	1.93750e-02	2.33999e-04
3.93750e-02	2.06250e-02	1.96033e-04
3.93750e-02	2.18750e-02	1.51282e-04
3.93750e-02	2.31250e-02	9.34500e-05
3.93750e-02	2.43750e-02	1.48360e-05

4.06250e-02	0.00000e+00	1.53613e-05
4.06250e-02	6.25000e-04	9.49561e-05
4.06250e-02	1.87500e-03	1.53702e-04
4.06250e-02	3.12500e-03	1.99121e-04
4.06250e-02	4.37500e-03	2.37312e-04
4.06250e-02	5.62500e-03	2.71364e-04
4.06250e-02	6.87500e-03	3.01897e-04
4.06250e-02	8.12500e-03	3.28311e-04
4.06250e-02	9.37500e-03	3.49172e-04
4.06250e-02	1.06250e-02	3.62588e-04
4.06250e-02	1.18750e-02	3.67045e-04
4.06250e-02	1.31250e-02	3.61974e-04
4.06250e-02	1.43750e-02	3.47851e-04
4.06250e-02	1.56250e-02	3.26211e-04
4.06250e-02	1.68750e-02	2.99100e-04
4.06250e-02	1.81250e-02	2.68167e-04
4.06250e-02	1.93750e-02	2.34148e-04
4.06250e-02	2.06250e-02	1.96442e-04
4.06250e-02	2.18750e-02	1.51857e-04
4.06250e-02	2.31250e-02	9.39887e-05
4.06250e-02	2.43750e-02	1.49571e-05

4.18750e-02	0.00000e+00	1.54641e-05
4.18750e-02	6.25000e-04	9.54475e-05
4.18750e-02	1.87500e-03	1.54213e-04
4.18750e-02	3.12500e-03	1.99464e-04
4.18750e-02	4.37500e-03	2.37411e-04
4.18750e-02	5.62500e-03	2.71210e-04
4.18750e-02	6.87500e-03	3.01543e-04
4.18750e-02	8.12500e-03	3.27866e-04
4.18750e-02	9.37500e-03	3.48769e-04
4.18750e-02	1.06250e-02	3.62297e-04
4.18750e-02	1.18750e-02	3.66807e-04
4.18750e-02	1.31250e-02	3.61670e-04
4.18750e-02	1.43750e-02	3.47432e-04
4.18750e-02	1.56250e-02	3.25758e-04
4.18750e-02	1.68750e-02	2.98759e-04
4.18750e-02	1.81250e-02	2.68052e-04
4.18750e-02	1.93750e-02	2.34305e-04
4.18750e-02	2.06250e-02	1.96849e-04
4.18750e-02	2.18750e-02	1.52419e-04
4.18750e-02	2.31250e-02	9.45099e-05
4.18750e-02	2.43750e-02	1.50736e-05

4.31250e-02	0.00000e+00	1.55634e-05
4.31250e-02	6.25000e-04	9.59237e-05
4.31250e-02	1.87500e-03	1.54713e-04
4.31250e-02	3.12500e-03	1.99806e-04
4.31250e-02	4.37500e-03	2.37520e-04
4.31250e-02	5.62500e-03	2.71072e-04
4.31250e-02	6.87500e-03	3.01205e-04
4.31250e-02	8.12500e-03	3.27430e-04
4.31250e-02	9.37500e-03	3.48364e-04
4.31250e-02	1.06250e-02	3.61999e-04
4.31250e-02	1.18750e-02	3.66563e-04
4.31250e-02	1.31250e-02	3.61360e-04
4.31250e-02	1.43750e-02	3.47011e-04
4.31250e-02	1.56250e-02	3.25314e-04
4.31250e-02	1.68750e-02	2.98433e-04
4.31250e-02	1.81250e-02	2.67952e-04
4.31250e-02	1.93750e-02	2.34472e-04
4.31250e-02	2.06250e-02	1.97253e-04
4.31250e-02	2.18750e-02	1.52967e-04
4.31250e-02	2.31250e-02	9.50144e-05
4.31250e-02	2.43750e-02	1.51859e-05

4.43750e-02	0.00000e+00	1.56593e-05
4.43750e-02	6.25000e-04	9.63854e-05
4.43750e-02	1.87500e-03	1.55201e-04
4.43750e-02	3.12500e-03	2.00148e-04
4.43750e-02	4.37500e-03	2.37638e-04
4.43750e-02	5.62500e-03	2.70949e-04
4.43750e-02	6.87500e-03	3.00882e-04
4.43750e-02	8.12500e-03	3.27001e-04
4.43750e-02	9.37500e-03	3.47958e-04
4.43750e-02	1.06250e-02	3.61696e-04
4.43750e-02	1.18750e-02	3.66313e-04
4.43750e-02	1.31250e-02	3.61044e-04
4.43750e-02	1.43750e-02	3.46588e-04
4.43750e-02	1.56250e-02	3.24877e-04
4.43750e-02	1.68750e-02	2.98122e-04
4.43750e-02	1.81250e-02	2.67866e-04
4.43750e-02	1.93750e-02	2.34645e-04
4.43750e-02	2.06250e-02	1.97654e-04
4.43750e-02	2.18750e-02	1.53503e-04
4.43750e-02	2.31250e-02	9.55032e-05
4.43750e-02	2.43750e-02	1.52942e-05

4.56250e-02	0.00000e+00	1.57521e-05
4.56250e-02	6.25000e-04	9.68332e-05
4.56250e-02	1.87500e-03	1.55679e-04
4.56250e-02	3.12500e-03	2.00488e-04
4.56250e-02	4.37500e-03	2.37765e-04
4.56250e-02	5.62500e-03	2.70841e-04
4.56250e-02	6.87500e-03	3.00573e-04
4.56250e-02	8.12500e-03	3.26581e-04
4.56250e-02	9.37500e-03	3.47551e-04
4.56250e-02	1.06250e-02	3.61387e-04
4.56250e-02	1.18750e-02	3.66056e-04
4.56250e-02	1.31250e-02	3.60721e-04
4.56250e-02	1.43750e-02	3.46165e-04
4.56250e-02	1.56250e-02	3.24450e-04
4.56250e-02	1.68750e-02	2.97827e-04
4.56250e-02	1.81250e-02	2.67795e-04
4.56250e-02	1.93750e-02	2.34826e-04
4.56250e-02	2.06250e-02	1.98051e-04
4.56250e-02	2.18750e-02	1.54026e-04
4.56250e-02	2.31250e-02	9.59768e-05
4.56250e-02	2.43750e-02	1.53987e-05

4.68750e-02	0.00000e+00	1.58419e-05
4.68750e-02	6.25000e-04	9.72678e-05
4.68750e-02	1.87500e-03	1.56147e-04
4.68750e-02	3.12500e-03	2.00827e-04
4.68750e-02	4.37500e-03	2.37899e-04
4.68750e-02	5.62500e-03	2.70747e-04
4.68750e-02	6.87500e-03	3.00280e-04
4.68750e-02	8.12500e-03	3.26170e-04
4.68750e-02	9.37500e-03	3.47143e-04
4.68750e-02	1.06250e-02	3.61071e-04
4.68750e-02	1.18750e-02	3.65791e-04
4.68750e-02	1.31250e-02	3.60391e-04
4.68750e-02	1.43750e-02	3.45741e-04
4.68750e-02	1.56250e-02	3.24031e-04
4.68750e-02	1.68750e-02	2.97547e-04
4.68750e-02	1.81250e-02	2.67738e-04
4.68750e-02	1.93750e-02	2.35014e-04
4.68750e-02	2.06250e-02	1.98446e-04
4.68750e-02	2.18750e-02	1.54537e-04
4.68750e-02	2.31250e-02	9.64361e-05
4.68750e-02	2.43750e-02	1.54996e-05

4.81250e-02	0.00000e+00	1.59289e-05
4.81250e-02	6.25000e-04	9.76898e-05
4.81250e-02	1.87500e-03	1.56605e-04
4.81250e-02	3.12500e-03	2.01164e-04
4.81250e-02	4.37500e-03	2.38040e-04
4.81250e-02	5.62500e-03	2.70666e-04
4.81250e-02	6.87500e-03	3.00001e-04
4.81250e-02	8.12500e-03	3.25769e-04
4.81250e-02	9.37500e-03	3.46736e-04
4.81250e-02	1.06250e-02	3.60748e-04
4.81250e-02	1.18750e-02	3.65517e-04
4.81250e-02	1.31250e-02	3.60055e-04
4.81250e-02	1.43750e-02	3.45317e-04
4.81250e-02	1.56250e-02	3.23623e-04
4.81250e-02	1.68750e-02	2.97282e-04
4.81250e-02	1.81250e-02	2.67694e-04
4.81250e-02	1.93750e-02	2.35206e-04
4.81250e-02	2.06250e-02	1.98836e-04
4.81250e-02	2.18750e-02	1.55036e-04
4.81250e-02	2.31250e-02	9.68816e-05
4.81250e-02	2.43750e-02	1.55971e-05

4.93750e-02	0.00000e+00	1.60131e-05
4.93750e-02	6.25000e-04	9.80998e-05
4.93750e-02	1.87500e-03	1.57052e-04
4.93750e-02	3.12500e-03	2.01499e-04
4.93750e-02	4.37500e-03	2.38188e-04
4.93750e-02	5.62500e-03	2.70598e-04
4.93750e-02	6.87500e-03	2.99736e-04
4.93750e-02	8.12500e-03	3.25377e-04
4.93750e-02	9.37500e-03	3.46328e-04
4.93750e-02	1.06250e-02	3.60418e-04
4.93750e-02	1.18750e-02	3.65236e-04
4.93750e-02	1.31250e-02	3.59711e-04
4.93750e-02	1.43750e-02	3.44894e-04
4.93750e-02	1.56250e-02	3.23224e-04
4.93750e-02	1.68750e-02	2.97031e-04
4.93750e-02	1.81250e-02	2.67662e-04
4.93750e-02	1.93750e-02	2.35404e-04
4.93750e-02	2.06250e-02	1.99222e-04
4.93750e-02	2.18750e-02	1.55523e-04
4.93750e-02	2.31250e-02	9.73141e-05
4.93750e-02	2.43750e-02	1.56914e-05

5.06250e-02	0.00000e+00	1.60948e-05
5.06250e-02	6.25000e-04	9.84984e-05
5.06250e-02	1.87500e-03	1.57491e-04
5.06250e-02	3.12500e-03	2.01831e-04
5.06250e-02	4.37500e-03	2.38341e-04
5.06250e-02	5.62500e-03	2.70542e-04
5.06250e-02	6.87500e-03	2.99486e-04
5.06250e-02	8.12500e-03	3.24994e-04
5.06250e-02	9.37500e-03	3.45921e-04
5.06250e-02	1.06250e-02	3.60081e-04
5.06250e-02	1.18750e-02	3.64945e-04
5.06250e-02	1.31250e-02	3.59361e-04
5.06250e-02	1.43750e-02	3.44471e-04
5.06250e-02	1.56250e-02	3.22836e-04
5.06250e-02	1.68750e-02	2.96795e-04
5.06250e-02	1.81250e-02	2.67641e-04
5.06250e-02	1.93750e-02	2.35607e-04
5.06250e-02	2.06250e-02	1.99605e-04
5.06250e-02	2.18750e-02	1.56000e-04
5.06250e-02	2.31250e-02	9.77341e-05
5.06250e-02	2.43750e-02	1.57827e-05

5.18750e-02	0.00000e+00	1.61740e-05
5.18750e-02	6.25000e-04	9.88859e-05
5.18750e-02	1.87500e-03	1.57920e-04
5.18750e-02	3.12500e-03	2.02161e-04
5.18750e-02	4.37500e-03	2.38500e-04
5.18750e-02	5.62500e-03	2.70497e-04
5.18750e-02	6.87500e-03	2.99249e-04
5.18750e-02	8.12500e-03	3.24622e-04
5.18750e-02	9.37500e-03	3.45515e-04
5.18750e-02	1.06250e-02	3.59737e-04
5.18750e-02	1.18750e-02	3.64644e-04
5.18750e-02	1.31250e-02	3.59004e-04
5.18750e-02	1.43750e-02	3.44050e-04
5.18750e-02	1.56250e-02	3.22459e-04
5.18750e-02	1.68750e-02	2.96573e-04
5.18750e-02	1.81250e-02	2.67632e-04
5.18750e-02	1.93750e-02	2.35814e-04
5.18750e-02	2.06250e-02	1.99983e-04
5.18750e-02	2.18750e-02	1.56466e-04
5.18750e-02	2.31250e-02	9.81423e-05
5.18750e-02	2.43750e-02	1.58710e-05

5.31250e-02	0.00000e+00	1.62509e-05
5.31250e-02	6.25000e-04	9.92629e-05
5.31250e-02	1.87500e-03	1.58340e-04
5.31250e-02	3.12500e-03	2.02489e-04
5.31250e-02	4.37500e-03	2.38664e-04
5.31250e-02	5.62500e-03	2.70463e-04
5.31250e-02	6.87500e-03	2.99025e-04
5.31250e-02	8.12500e-03	3.24260e-04
5.31250e-02	9.37500e-03	3.45111e-04
5.31250e-02	1.06250e-02	3.59387e-04
5.31250e-02	1.18750e-02	3.64334e-04
5.31250e-02	1.31250e-02	3.58641e-04
5.31250e-02	1.43750e-02	3.43631e-04
5.31250e-02	1.56250e-02	3.22092e-04
5.31250e-02	1.68750e-02	2.96365e-04
5.31250e-02	1.81250e-02	2.67634e-04
5.31250e-02	1.93750e-02	2.36024e-04
5.31250e-02	2.06250e-02	2.00357e-04
5.31250e-02	2.18750e-02	1.56921e-04
5.31250e-02	2.31250e-02	9.85390e-05
5.31250e-02	2.43750e-02	1.59566e-05

5.43750e-02	0.00000e+00	1.63255e-05
5.43750e-02	6.25000e-04	9.96299e-05
5.43750e-02	1.87500e-03	1.58751e-04
5.43750e-02	3.12500e-03	2.02813e-04
5.43750e-02	4.37500e-03	2.38831e-04
5.43750e-02	5.62500e-03	2.70440e-04
5.43750e-02	6.87500e-03	2.98814e-04
5.43750e-02	8.12500e-03	3.23908e-04
5.43750e-02	9.37500e-03	3.44708e-04
5.43750e-02	1.06250e-02	3.59029e-04
5.43750e-02	1.18750e-02	3.64014e-04
5.43750e-02	1.31250e-02	3.58271e-04
5.43750e-02	1.43750e-02	3.43214e-04
5.43750e-02	1.56250e-02	3.21736e-04
5.43750e-02	1.68750e-02	2.96170e-04
5.43750e-02	1.81250e-02	2.67645e-04
5.43750e-02	1.93750e-02	2.36238e-04
5.43750e-02	2.06250e-02	2.00727e-04
5.43750e-02	2.18750e-02	1.57366e-04
5.43750e-02	2.31250e-02	9.89249e-05
5.43750e-02	2.43750e-02	1.60395e-05

5.56250e-02	0.00000e+00	1.63981e-05
5.56250e-02	6.25000e-04	9.99872e-05
5.56250e-02	1.87500e-03	1.59154e-04
5.56250e-02	3.12500e-03	2.03135e-04
5.56250e-02	4.37500e-03	2.39003e-04
5.56250e-02	5.62500e-03	2.70426e-04
5.56250e-02	6.87500e-03	2.98616e-04
5.56250e-02	8.12500e-03	3.23566e-04
5.56250e-02	9.37500e-03	3.44308e-04
5.56250e-02	1.06250e-02	3.58664e-04
5.56250e-02	1.18750e-02	3.63684e-04
5.56250e-02	1.31250e-02	3.57894e-04
5.56250e-02	1.43750e-02	3.42800e-04
5.56250e-02	1.56250e-02	3.21392e-04
5.56250e-02	1.68750e-02	2.95988e-04
5.56250e-02	1.81250e-02	2.67666e-04
5.56250e-02	1.93750e-02	2.36454e-04
5.56250e-02	2.06250e-02	2.01092e-04
5.56250e-02	2.18750e-02	1.57802e-04
5.56250e-02	2.31250e-02	9.93003e-05
5.56250e-02	2.43750e-02	1.61200e-05

5.68750e-02	0.00000e+00	1.64686e-05
5.68750e-02	6.25000e-04	1.00335e-04
5.68750e-02	1.87500e-03	1.59549e-04
5.68750e-02	3.12500e-03	2.03454e-04
5.68750e-02	4.37500e-03	2.39178e-04
5.68750e-02	5.62500e-03	2.70421e-04
5.68750e-02	6.87500e-03	2.98429e-04
5.68750e-02	8.12500e-03	3.23234e-04
5.68750e-02	9.37500e-03	3.43910e-04
5.68750e-02	1.06250e-02	3.58293e-04
5.68750e-02	1.18750e-02	3.63343e-04
5.68750e-02	1.31250e-02	3.57512e-04
5.68750e-02	1.43750e-02	3.42390e-04
5.68750e-02	1.56250e-02	3.21058e-04
5.68750e-02	1.68750e-02	2.95819e-04
5.68750e-02	1.81250e-02	2.67696e-04
5.68750e-02	1.93750e-02	2.36673e-04
5.68750e-02	2.06250e-02	2.01453e-04
5.68750e-02	2.18750e-02	1.58229e-04
5.68750e-02	2.31250e-02	9.96658e-05
5.68750e-02	2.43750e-02	1.61981e-05

5.81250e-02	0.00000e+00	1.65371e-05
5.81250e-02	6.25000e-04	1.00675e-04
5.81250e-02	1.87500e-03	1.59936e-04
5.81250e-02	3.12500e-03	2.03770e-04
5.81250e-02	4.37500e-03	2.39356e-04
5.81250e-02	5.62500e-03	2.70425e-04
5.81250e-02	6.87500e-03	2.98254e-04
5.81250e-02	8.12500e-03	3.22913e-04
5.81250e-02	9.37500e-03	3.43515e-04
5.81250e-02	1.06250e-02	3.57916e-04
5.81250e-02	1.18750e-02	3.62993e-04
5.81250e-02	1.31250e-02	3.57124e-04
5.81250e-02	1.43750e-02	3.41983e-04
5.81250e-02	1.56250e-02	3.20736e-04
5.81250e-02	1.68750e-02	2.95662e-04
5.81250e-02	1.81250e-02	2.67734e-04
5.81250e-02	1.93750e-02	2.36893e-04
5.81250e-02	2.06250e-02	2.01810e-04
5.81250e-02	2.18750e-02	1.58646e-04
5.81250e-02	2.31250e-02	1.00022e-04
5.81250e-02	2.43750e-02	1.62739e-05

5.93750e-02	0.00000e+00	1.66038e-05
5.93750e-02	6.25000e-04	1.01005e-04
5.93750e-02	1.87500e-03	1.60315e-04
5.93750e-02	3.12500e-03	2.04082e-04
5.93750e-02	4.37500e-03	2.39537e-04
5.93750e-02	5.62500e-03	2.70437e-04
5.93750e-02	6.87500e-03	2.98090e-04
5.93750e-02	8.12500e-03	3.22601e-04
5.93750e-02	9.37500e-03	3.43123e-04
5.93750e-02	1.06250e-02	3.57532e-04
5.93750e-02	1.18750e-02	3.62632e-04
5.93750e-02	1.31250e-02	3.56730e-04
5.93750e-02	1.43750e-02	3.41580e-04
5.93750e-02	1.56250e-02	3.20425e-04
5.93750e-02	1.68750e-02	2.95516e-04
5.93750e-02	1.81250e-02	2.67780e-04
5.93750e-02	1.93750e-02	2.37116e-04
5.93750e-02	2.06250e-02	2.02163e-04
5.93750e-02	2.18750e-02	1.59054e-04
5.93750e-02	2.31250e-02	1.00369e-04
5.93750e-02	2.43750e-02	1.63476e-05

6.06250e-02	0.00000e+00	1.66687e-05
6.06250e-02	6.25000e-04	1.01328e-04
6.06250e-02	1.87500e-03	1.60687e-04
6.06250e-02	3.12500e-03	2.04392e-04
6.06250e-02	4.37500e-03	2.39720e-04
6.06250e-02	5.62500e-03	2.70457e-04
6.06250e-02	6.87500e-03	2.97937e-04
6.06250e-02	8.12500e-03	3.22299e-04
6.06250e-02	9.37500e-03	3.42735e-04
6.06250e-02	1.06250e-02	3.57142e-04
6.06250e-02	1.18750e-02	3.62261e-04
6.06250e-02	1.31250e-02	3.56332e-04
6.06250e-02	1.43750e-02	3.41182e-04
6.06250e-02	1.56250e-02	3.20124e-04
6.06250e-02	1.68750e-02	2.95382e-04
6.06250e-02	1.81250e-02	2.67833e-04
6.06250e-02	1.93750e-02	2.37340e-04
6.06250e-02	2.06250e-02	2.02511e-04
6.06250e-02	2.18750e-02	1.59454e-04
6.06250e-02	2.31250e-02	1.00707e-04
6.06250e-02	2.43750e-02	1.64193e-05

6.18750e-02	0.00000e+00	1.67320e-05
6.18750e-02	6.25000e-04	1.01643e-04
6.18750e-02	1.87500e-03	1.61052e-04
6.18750e-02	3.12500e-03	2.04698e-04
6.18750e-02	4.37500e-03	2.39906e-04
6.18750e-02	5.62500e-03	2.70483e-04
6.18750e-02	6.87500e-03	2.97793e-04
6.18750e-02	8.12500e-03	3.22006e-04
6.18750e-02	9.37500e-03	3.42350e-04
6.18750e-02	1.06250e-02	3.56747e-04
6.18750e-02	1.18750e-02	3.61880e-04
6.18750e-02	1.31250e-02	3.55928e-04
6.18750e-02	1.43750e-02	3.40789e-04
6.18750e-02	1.56250e-02	3.19834e-04
6.18750e-02	1.68750e-02	2.95258e-04
6.18750e-02	1.81250e-02	2.67893e-04
6.18750e-02	1.93750e-02	2.37565e-04
6.18750e-02	2.06250e-02	2.02854e-04
6.18750e-02	2.18750e-02	1.59846e-04
6.18750e-02	2.31250e-02	1.01036e-04
6.18750e-02	2.43750e-02	1.64889e-05

6.31250e-02	0.00000e+00	1.67935e-05
6.31250e-02	6.25000e-04	1.01950e-04
6.31250e-02	1.87500e-03	1.61409e-04
6.31250e-02	3.12500e-03	2.05001e-04
6.31250e-02	4.37500e-03	2.40092e-04
6.31250e-02	5.62500e-03	2.70516e-04
6.31250e-02	6.87500e-03	2.97660e-04
6.31250e-02	8.12500e-03	3.21723e-04
6.31250e-02	9.37500e-03	3.41969e-04
6.31250e-02	1.06250e-02	3.56347e-04
6.31250e-02	1.18750e-02	3.61489e-04
6.31250e-02	1.31250e-02	3.55520e-04
6.31250e-02	1.43750e-02	3.40400e-04
6.31250e-02	1.56250e-02	3.19555e-04
6.31250e-02	1.68750e-02	2.95144e-04
6.31250e-02	1.81250e-02	2.67959e-04
6.31250e-02	1.93750e-02	2.37792e-04
6.31250e-02	2.06250e-02	2.03194e-04
6.31250e-02	2.18750e-02	1.60230e-04
6.31250e-02	2.31250e-02	1.01358e-04
6.31250e-02	2.43750e-02	1.65567e-05

6.43750e-02	0.00000e+00	1.68535e-05
6.43750e-02	6.25000e-04	1.02250e-04
6.43750e-02	1.87500e-03	1.61759e-04
6.43750e-02	3.12500e-03	2.05300e-04
6.43750e-02	4.37500e-03	2.40281e-04
6.43750e-02	5.62500e-03	2.70555e-04
6.43750e-02	6.87500e-03	2.97535e-04
6.43750e-02	8.12500e-03	3.21449e-04
6.43750e-02	9.37500e-03	3.41592e-04
6.43750e-02	1.06250e-02	3.55941e-04
6.43750e-02	1.18750e-02	3.61089e-04
6.43750e-02	1.31250e-02	3.55109e-04
6.43750e-02	1.43750e-02	3.40018e-04
6.43750e-02	1.56250e-02	3.19286e-04
6.43750e-02	1.68750e-02	2.95041e-04
6.43750e-02	1.81250e-02	2.68032e-04
6.43750e-02	1.93750e-02	2.38019e-04
6.43750e-02	2.06250e-02	2.03529e-04
6.43750e-02	2.18750e-02	1.60607e-04
6.43750e-02	2.31250e-02	1.01672e-04
6.43750e-02	2.43750e-02	1.66227e-05

6.56250e-02	0.00000e+00	1.69120e-05
6.56250e-02	6.25000e-04	1.02542e-04
6.56250e-02	1.87500e-03	1.62103e-04
6.56250e-02	3.12500e-03	2.05596e-04
6.56250e-02	4.37500e-03	2.40470e-04
6.56250e-02	5.62500e-03	2.70600e-04
6.56250e-02	6.87500e-03	2.97419e-04
6.56250e-02	8.12500e-03	3.21184e-04
6.56250e-02	9.37500e-03	3.41220e-04
6.56250e-02	1.06250e-02	3.55532e-04
6.56250e-02	1.18750e-02	3.60679e-04
6.56250e-02	1.31250e-02	3.54693e-04
6.56250e-02	1.43750e-02	3.39640e-04
6.56250e-02	1.56250e-02	3.19028e-04
6.56250e-02	1.68750e-02	2.94947e-04
6.56250e-02	1.81250e-02	2.68110e-04
6.56250e-02	1.93750e-02	2.38246e-04
6.56250e-02	2.06250e-02	2.03860e-04
6.56250e-02	2.18750e-02	1.60975e-04
6.56250e-02	2.31250e-02	1.01978e-04
6.56250e-02	2.43750e-02	1.66871e-05

6.68750e-02	0.00000e+00	1.69690e-05
6.68750e-02	6.25000e-04	1.02828e-04
6.68750e-02	1.87500e-03	1.62440e-04
6.68750e-02	3.12500e-03	2.05888e-04
6.68750e-02	4.37500e-03	2.40660e-04
6.68750e-02	5.62500e-03	2.70649e-04
6.68750e-02	6.87500e-03	2.97311e-04
6.68750e-02	8.12500e-03	3.20927e-04
6.68750e-02	9.37500e-03	3.40852e-04
6.68750e-02	1.06250e-02	3.55118e-04
6.68750e-02	1.18750e-02	3.60262e-04
6.68750e-02	1.31250e-02	3.54275e-04
6.68750e-02	1.43750e-02	3.39269e-04
6.68750e-02	1.56250e-02	3.18779e-04
6.68750e-02	1.68750e-02	2.94862e-04
6.68750e-02	1.81250e-02	2.68194e-04
6.68750e-02	1.93750e-02	2.38474e-04
6.68750e-02	2.06250e-02	2.04187e-04
6.68750e-02	2.18750e-02	1.61337e-04
6.68750e-02	2.31250e-02	1.02277e-04
6.68750e-02	2.43750e-02	1.67497e-05

6.81250e-02	0.00000e+00	1.70245e-05
6.81250e-02	6.25000e-04	1.03107e-04
6.81250e-02	1.87500e-03	1.62770e-04
6.81250e-02	3.12500e-03	2.06177e-04
6.81250e-02	4.37500e-03	2.40850e-04
6.81250e-02	5.62500e-03	2.70703e-04
6.81250e-02	6.87500e-03	2.97211e-04
6.81250e-02	8.12500e-03	3.20678e-04
6.81250e-02	9.37500e-03	3.40488e-04
6.81250e-02	1.06250e-02	3.54701e-04
6.81250e-02	1.18750e-02	3.59836e-04
6.81250e-02	1.31250e-02	3.53854e-04
6.81250e-02	1.43750e-02	3.38903e-04
6.81250e-02	1.56250e-02	3.18540e-04
6.81250e-02	1.68750e-02	2.94786e-04
6.81250e-02	1.81250e-02	2.68283e-04
6.81250e-02	1.93750e-02	2.38703e-04
6.81250e-02	2.06250e-02	2.04510e-04
6.81250e-02	2.18750e-02	1.61692e-04
6.81250e-02	2.31250e-02	1.02570e-04
6.81250e-02	2.43750e-02	1.68109e-05

6.93750e-02	0.00000e+00	1.70786e-05
6.93750e-02	6.25000e-04	1.03380e-04
6.93750e-02	1.87500e-03	1.63094e-04
6.93750e-02	3.12500e-03	2.06462e-04
6.93750e-02	4.37500e-03	2.41040e-04
6.93750e-02	5.62500e-03	2.70761e-04
6.93750e-02	6.87500e-03	2.97118e-04
6.93750e-02	8.12500e-03	3.20437e-04
6.93750e-02	9.37500e-03	3.40129e-04
6.93750e-02	1.06250e-02	3.54280e-04
6.93750e-02	1.18750e-02	3.59402e-04
6.93750e-02	1.31250e-02	3.53431e-04
6.93750e-02	1.43750e-02	3.38544e-04
6.93750e-02	1.56250e-02	3.18311e-04
6.93750e-02	1.68750e-02	2.94718e-04
6.93750e-02	1.81250e-02	2.68376e-04
6.93750e-02	1.93750e-02	2.38931e-04
6.93750e-02	2.06250e-02	2.04829e-04
6.93750e-02	2.18750e-02	1.62040e-04
6.93750e-02	2.31250e-02	1.02855e-04
6.93750e-02	2.43750e-02	1.68706e-05

7.06250e-02	0.00000e+00	1.71314e-05
7.06250e-02	6.25000e-04	1.03646e-04
7.06250e-02	1.87500e-03	1.63411e-04
7.06250e-02	3.12500e-03	2.06742e-04
7.06250e-02	4.37500e-03	2.41230e-04
7.06250e-02	5.62500e-03	2.70823e-04
7.06250e-02	6.87500e-03	2.97031e-04
7.06250e-02	8.12500e-03	3.20204e-04
7.06250e-02	9.37500e-03	3.39774e-04
7.06250e-02	1.06250e-02	3.53857e-04
7.06250e-02	1.18750e-02	3.58961e-04
7.06250e-02	1.31250e-02	3.53007e-04
7.06250e-02	1.43750e-02	3.38192e-04
7.06250e-02	1.56250e-02	3.18092e-04
7.06250e-02	1.68750e-02	2.94659e-04
7.06250e-02	1.81250e-02	2.68474e-04
7.06250e-02	1.93750e-02	2.39160e-04
7.06250e-02	2.06250e-02	2.05144e-04
7.06250e-02	2.18750e-02	1.62381e-04
7.06250e-02	2.31250e-02	1.03134e-04
7.06250e-02	2.43750e-02	1.69289e-05

7.18750e-02	0.00000e+00	1.71827e-05
7.18750e-02	6.25000e-04	1.03905e-04
7.18750e-02	1.87500e-03	1.63721e-04
7.18750e-02	3.12500e-03	2.07019e-04
7.18750e-02	4.37500e-03	2.41418e-04
7.18750e-02	5.62500e-03	2.70887e-04
7.18750e-02	6.87500e-03	2.96950e-04
7.18750e-02	8.12500e-03	3.19977e-04
7.18750e-02	9.37500e-03	3.39423e-04
7.18750e-02	1.06250e-02	3.53431e-04
7.18750e-02	1.18750e-02	3.58515e-04
7.18750e-02	1.31250e-02	3.52582e-04
7.18750e-02	1.43750e-02	3.37846e-04
7.18750e-02	1.56250e-02	3.17882e-04
7.18750e-02	1.68750e-02	2.94608e-04
7.18750e-02	1.81250e-02	2.68577e-04
7.18750e-02	1.93750e-02	2.39390e-04
7.18750e-02	2.06250e-02	2.05456e-04
7.18750e-02	2.18750e-02	1.62717e-04
7.18750e-02	2.31250e-02	1.03407e-04
7.18750e-02	2.43750e-02	1.69859e-05

7.31250e-02	0.00000e+00	1.72327e-05
7.31250e-02	6.25000e-04	1.04158e-04
7.31250e-02	1.87500e-03	1.64025e-04
7.31250e-02	3.12500e-03	2.07290e-04
7.31250e-02	4.37500e-03	2.41606e-04
7.31250e-02	5.62500e-03	2.70954e-04
7.31250e-02	6.87500e-03	2.96875e-04
7.31250e-02	8.12500e-03	3.19757e-04
7.31250e-02	9.37500e-03	3.39077e-04
7.31250e-02	1.06250e-02	3.53004e-04
7.31250e-02	1.18750e-02	3.58062e-04
7.31250e-02	1.31250e-02	3.52157e-04
7.31250e-02	1.43750e-02	3.37507e-04
7.31250e-02	1.56250e-02	3.17681e-04
7.31250e-02	1.68750e-02	2.94566e-04
7.31250e-02	1.81250e-02	2.68685e-04
7.31250e-02	1.93750e-02	2.39619e-04
7.31250e-02	2.06250e-02	2.05764e-04
7.31250e-02	2.18750e-02	1.63046e-04
7.31250e-02	2.31250e-02	1.03674e-04
7.31250e-02	2.43750e-02	1.70417e-05

7.43750e-02	0.00000e+00	1.72813e-05
7.43750e-02	6.25000e-04	1.04405e-04
7.43750e-02	1.87500e-03	1.64321e-04
7.43750e-02	3.12500e-03	2.07556e-04
7.43750e-02	4.37500e-03	2.41791e-04
7.43750e-02	5.62500e-03	2.71021e-04
7.43750e-02	6.87500e-03	2.96804e-04
7.43750e-02	8.12500e-03	3.19542e-04
7.43750e-02	9.37500e-03	3.38735e-04
7.43750e-02	1.06250e-02	3.52575e-04
7.43750e-02	1.18750e-02	3.57605e-04
7.43750e-02	1.31250e-02	3.51732e-04
7.43750e-02	1.43750e-02	3.37176e-04
7.43750e-02	1.56250e-02	3.17491e-04
7.43750e-02	1.68750e-02	2.94531e-04
7.43750e-02	1.81250e-02	2.68797e-04
7.43750e-02	1.93750e-02	2.39849e-04
7.43750e-02	2.06250e-02	2.06069e-04
7.43750e-02	2.18750e-02	1.63369e-04
7.43750e-02	2.31250e-02	1.03934e-04
7.43750e-02	2.43750e-02	1.70963e-05

7.56250e-02	0.00000e+00	1.73283e-05
7.56250e-02	6.25000e-04	1.04644e-04
7.56250e-02	1.87500e-03	1.64610e-04
7.56250e-02	3.12500e-03	2.07816e-04
7.56250e-02	4.37500e-03	2.41973e-04
7.56250e-02	5.62500e-03	2.71089e-04
7.56250e-02	6.87500e-03	2.96736e-04
7.56250e-02	8.12500e-03	3.19333e-04
7.56250e-02	9.37500e-03	3.38398e-04
7.56250e-02	1.06250e-02	3.52145e-04
7.56250e-02	1.18750e-02	3.57144e-04
7.56250e-02	1.31250e-02	3.51309e-04
7.56250e-02	1.43750e-02	3.36854e-04
7.56250e-02	1.56250e-02	3.17311e-04
7.56250e-02	1.68750e-02	2.94505e-04
7.56250e-02	1.81250e-02	2.68915e-04
7.56250e-02	1.93750e-02	2.40081e-04
7.56250e-02	2.06250e-02	2.06371e-04
7.56250e-02	2.18750e-02	1.63687e-04
7.56250e-02	2.31250e-02	1.04189e-04
7.56250e-02	2.43750e-02	1.71500e-05

7.68750e-02	0.00000e+00	1.73738e-05
7.68750e-02	6.25000e-04	1.04876e-04
7.68750e-02	1.87500e-03	1.64890e-04
7.68750e-02	3.12500e-03	2.08069e-04
7.68750e-02	4.37500e-03	2.42150e-04
7.68750e-02	5.62500e-03	2.71157e-04
7.68750e-02	6.87500e-03	2.96671e-04
7.68750e-02	8.12500e-03	3.19128e-04
7.68750e-02	9.37500e-03	3.38063e-04
7.68750e-02	1.06250e-02	3.51715e-04
7.68750e-02	1.18750e-02	3.56681e-04
7.68750e-02	1.31250e-02	3.50888e-04
7.68750e-02	1.43750e-02	3.36540e-04
7.68750e-02	1.56250e-02	3.17142e-04
7.68750e-02	1.68750e-02	2.94489e-04
7.68750e-02	1.81250e-02	2.69038e-04
7.68750e-02	1.93750e-02	2.40314e-04
7.68750e-02	2.06250e-02	2.06671e-04
7.68750e-02	2.18750e-02	1.64000e-04
7.68750e-02	2.31250e-02	1.04438e-04
7.68750e-02	2.43750e-02	1.72029e-05

7.81250e-02	0.00000e+00	1.74176e-05
7.81250e-02	6.25000e-04	1.05101e-04
7.81250e-02	1.87500e-03	1.65161e-04
7.81250e-02	3.12500e-03	2.08314e-04
7.81250e-02	4.37500e-03	2.42322e-04
7.81250e-02	5.62500e-03	2.71221e-04
7.81250e-02	6.87500e-03	2.96606e-04
7.81250e-02	8.12500e-03	3.18926e-04
7.81250e-02	9.37500e-03	3.37733e-04
7.81250e-02	1.06250e-02	3.51285e-04
7.81250e-02	1.18750e-02	3.56216e-04
7.81250e-02	1.31250e-02	3.50471e-04
7.81250e-02	1.43750e-02	3.36237e-04
7.81250e-02	1.56250e-02	3.16984e-04
7.81250e-02	1.68750e-02	2.94483e-04
7.81250e-02	1.81250e-02	2.69168e-04
7.81250e-02	1.93750e-02	2.40549e-04
7.81250e-02	2.06250e-02	2.06970e-04
7.81250e-02	2.18750e-02	1.64308e-04
7.81250e-02	2.31250e-02	1.04682e-04
7.81250e-02	2.43750e-02	1.72551e-05

7.93750e-02	0.00000e+00	1.74594e-05
7.93750e-02	6.25000e-04	1.05316e-04
7.93750e-02	1.87500e-03	1.65421e-04
7.93750e-02	3.12500e-03	2.08549e-04
7.93750e-02	4.37500e-03	2.42486e-04
7.93750e-02	5.62500e-03	2.71282e-04
7.93750e-02	6.87500e-03	2.96541e-04
7.93750e-02	8.12500e-03	3.18727e-04
7.93750e-02	9.37500e-03	3.37405e-04
7.93750e-02	1.06250e-02	3.50856e-04
7.93750e-02	1.18750e-02	3.55751e-04
7.93750e-02	1.31250e-02	3.50060e-04
7.93750e-02	1.43750e-02	3.35945e-04
7.93750e-02	1.56250e-02	3.16840e-04
7.93750e-02	1.68750e-02	2.94488e-04
7.93750e-02	1.81250e-02	2.69306e-04
7.93750e-02	1.93750e-02	2.40788e-04
7.93750e-02	2.06250e-02	2.07267e-04
7.93750e-02	2.18750e-02	1.64611e-04
7.93750e-02	2.31250e-02	1.04920e-04
7.93750e-02	2.43750e-02	1.73068e-05

8.06250e-02	0.00000e+00	1.74989e-05
8.06250e-02	6.25000e-04	1.05520e-04
8.06250e-02	1.87500e-03	1.65668e-04
8.06250e-02	3.12500e-03	2.08771e-04
8.06250e-02	4.37500e-03	2.42640e-04
8.06250e-02	5.62500e-03	2.71335e-04
8.06250e-02	6.87500e-03	2.96473e-04
8.06250e-02	8.12500e-03	3.18528e-04
8.06250e-02	9.37500e-03	3.37080e-04
8.06250e-02	1.06250e-02	3.50429e-04
8.06250e-02	1.18750e-02	3.55287e-04
8.06250e-02	1.31250e-02	3.49656e-04
8.06250e-02	1.43750e-02	3.35667e-04
8.06250e-02	1.56250e-02	3.16712e-04
8.06250e-02	1.68750e-02	2.94508e-04
8.06250e-02	1.81250e-02	2.69454e-04
8.06250e-02	1.93750e-02	2.41033e-04
8.06250e-02	2.06250e-02	2.07565e-04
8.06250e-02	2.18750e-02	1.64911e-04
8.06250e-02	2.31250e-02	1.05152e-04
8.06250e-02	2.43750e-02	1.73585e-05

8.18750e-02	0.00000e+00	1.75358e-05
8.18750e-02	6.25000e-04	1.05713e-04
8.18750e-02	1.87500e-03	1.65899e-04
8.18750e-02	3.12500e-03	2.08977e-04
8.18750e-02	4.37500e-03	2.42780e-04
8.18750e-02	5.62500e-03	2.71378e-04
8.18750e-02	6.87500e-03	2.96399e-04
8.18750e-02	8.12500e-03	3.18328e-04
8.18750e-02	9.37500e-03	3.36757e-04
8.18750e-02	1.06250e-02	3.50003e-04
8.18750e-02	1.18750e-02	3.54828e-04
8.18750e-02	1.31250e-02	3.49263e-04
8.18750e-02	1.43750e-02	3.35406e-04
8.18750e-02	1.56250e-02	3.16601e-04
8.18750e-02	1.68750e-02	2.94544e-04
8.18750e-02	1.81250e-02	2.69615e-04
8.18750e-02	1.93750e-02	2.41285e-04
8.18750e-02	2.06250e-02	2.07865e-04
8.18750e-02	2.18750e-02	1.65207e-04
8.18750e-02	2.31250e-02	1.05379e-04
8.18750e-02	2.43750e-02	1.74104e-05

8.31250e-02	0.00000e+00	1.75693e-05
8.31250e-02	6.25000e-04	1.05890e-04
8.31250e-02	1.87500e-03	1.66111e-04
8.31250e-02	3.12500e-03	2.09162e-04
8.31250e-02	4.37500e-03	2.42900e-04
8.31250e-02	5.62500e-03	2.71406e-04
8.31250e-02	6.87500e-03	2.96316e-04
8.31250e-02	8.12500e-03	3.18124e-04
8.31250e-02	9.37500e-03	3.36434e-04
8.31250e-02	1.06250e-02	3.49581e-04
8.31250e-02	1.18750e-02	3.54375e-04
8.31250e-02	1.31250e-02	3.48883e-04
8.31250e-02	1.43750e-02	3.35165e-04
8.31250e-02	1.56250e-02	3.16514e-04
8.31250e-02	1.68750e-02	2.94601e-04
8.31250e-02	1.81250e-02	2.69793e-04
8.31250e-02	1.93750e-02	2.41548e-04
8.31250e-02	2.06250e-02	2.08169e-04
8.31250e-02	2.18750e-02	1.65502e-04
8.31250e-02	2.31250e-02	1.05599e-04
8.31250e-02	2.43750e-02	1.74633e-05

8.43750e-02	0.00000e+00	1.75985e-05
8.43750e-02	6.25000e-04	1.06049e-04
8.43750e-02	1.87500e-03	1.66298e-04
8.43750e-02	3.12500e-03	2.09320e-04
8.43750e-02	4.37500e-03	2.42995e-04
8.43750e-02	5.62500e-03	2.71413e-04
8.43750e-02	6.87500e-03	2.96218e-04
8.43750e-02	8.12500e-03	3.17913e-04
8.43750e-02	9.37500e-03	3.36112e-04
8.43750e-02	1.06250e-02	3.49164e-04
8.43750e-02	1.18750e-02	3.53932e-04
8.43750e-02	1.31250e-02	3.48521e-04
8.43750e-02	1.43750e-02	3.34949e-04
8.43750e-02	1.56250e-02	3.16454e-04
8.43750e-02	1.68750e-02	2.94684e-04
8.43750e-02	1.81250e-02	2.69993e-04
8.43750e-02	1.93750e-02	2.41827e-04
8.43750e-02	2.06250e-02	2.08481e-04
8.43750e-02	2.18750e-02	1.65796e-04
8.43750e-02	2.31250e-02	1.05814e-04
8.43750e-02	2.43750e-02	1.75180e-05

8.56250e-02	0.00000e+00	1.76224e-05
8.56250e-02	6.25000e-04	1.06183e-04
8.56250e-02	1.87500e-03	1.66451e-04
8.56250e-02	3.12500e-03	2.09442e-04
8.56250e-02	4.37500e-03	2.43054e-04
8.56250e-02	5.62500e-03	2.71390e-04
8.56250e-02	6.87500e-03	2.96099e-04
8.56250e-02	8.12500e-03	3.17691e-04
8.56250e-02	9.37500e-03	3.35787e-04
8.56250e-02	1.06250e-02	3.48753e-04
8.56250e-02	1.18750e-02	3.53503e-04
8.56250e-02	1.31250e-02	3.48183e-04
8.56250e-02	1.43750e-02	3.34765e-04
8.56250e-02	1.56250e-02	3.16429e-04
8.56250e-02	1.68750e-02	2.94802e-04
8.56250e-02	1.81250e-02	2.70223e-04
8.56250e-02	1.93750e-02	2.42128e-04
8.56250e-02	2.06250e-02	2.08806e-04
8.56250e-02	2.18750e-02	1.66091e-04
8.56250e-02	2.31250e-02	1.06023e-04
8.56250e-02	2.43750e-02	1.75759e-05

8.68750e-02	0.00000e+00	1.76389e-05
8.68750e-02	6.25000e-04	1.06285e-04
8.68750e-02	1.87500e-03	1.66560e-04
8.68750e-02	3.12500e-03	2.09513e-04
8.68750e-02	4.37500e-03	2.43066e-04
8.68750e-02	5.62500e-03	2.71327e-04
8.68750e-02	6.87500e-03	2.95950e-04
8.68750e-02	8.12500e-03	3.17453e-04
8.68750e-02	9.37500e-03	3.35461e-04
8.68750e-02	1.06250e-02	3.48351e-04
8.68750e-02	1.18750e-02	3.53093e-04
8.68750e-02	1.31250e-02	3.47876e-04
8.68750e-02	1.43750e-02	3.34622e-04
8.68750e-02	1.56250e-02	3.16449e-04
8.68750e-02	1.68750e-02	2.94964e-04
8.68750e-02	1.81250e-02	2.70492e-04
8.68750e-02	1.93750e-02	2.42459e-04
8.68750e-02	2.06250e-02	2.09149e-04
8.68750e-02	2.18750e-02	1.66392e-04
8.68750e-02	2.31250e-02	1.06227e-04
8.68750e-02	2.43750e-02	1.76392e-05

8.81250e-02	0.00000e+00	1.76457e-05
8.81250e-02	6.25000e-04	1.06344e-04
8.81250e-02	1.87500e-03	1.66608e-04
8.81250e-02	3.12500e-03	2.09516e-04
8.81250e-02	4.37500e-03	2.43010e-04
8.81250e-02	5.62500e-03	2.71207e-04
8.81250e-02	6.87500e-03	2.95762e-04
8.81250e-02	8.12500e-03	3.17194e-04
8.81250e-02	9.37500e-03	3.35131e-04
8.81250e-02	1.06250e-02	3.47962e-04
8.81250e-02	1.18750e-02	3.52711e-04
8.81250e-02	1.31250e-02	3.47611e-04
8.81250e-02	1.43750e-02	3.34531e-04
8.81250e-02	1.56250e-02	3.16527e-04
8.81250e-02	1.68750e-02	2.95183e-04
8.81250e-02	1.81250e-02	2.70814e-04
8.81250e-02	1.93750e-02	2.42834e-04
8.81250e-02	2.06250e-02	2.09521e-04
8.81250e-02	2.18750e-02	1.66703e-04
8.81250e-02	2.31250e-02	1.06427e-04
8.81250e-02	2.43750e-02	1.77112e-05

8.93750e-02	0.00000e+00	1.76389e-05
8.93750e-02	6.25000e-04	1.06345e-04
8.93750e-02	1.87500e-03	1.66571e-04
8.93750e-02	3.12500e-03	2.09422e-04
8.93750e-02	4.37500e-03	2.42862e-04
8.93750e-02	5.62500e-03	2.71011e-04
8.93750e-02	6.87500e-03	2.95521e-04
8.93750e-02	8.12500e-03	3.16907e-04
8.93750e-02	9.37500e-03	3.34798e-04
8.93750e-02	1.06250e-02	3.47592e-04
8.93750e-02	1.18750e-02	3.52366e-04
8.93750e-02	1.31250e-02	3.47399e-04
8.93750e-02	1.43750e-02	3.34507e-04
8.93750e-02	1.56250e-02	3.16679e-04
8.93750e-02	1.68750e-02	2.95478e-04
8.93750e-02	1.81250e-02	2.71206e-04
8.93750e-02	1.93750e-02	2.43269e-04
8.93750e-02	2.06250e-02	2.09936e-04
8.93750e-02	2.18750e-02	1.67034e-04
8.93750e-02	2.31250e-02	1.06627e-04
8.93750e-02	2.43750e-02	1.77984e-05

9.06250e-02	0.00000e+00	1.76131e-05
9.06250e-02	6.25000e-04	1.06263e-04
9.06250e-02	1.87500e-03	1.66412e-04
9.06250e-02	3.12500e-03	2.09189e-04
9.06250e-02	4.37500e-03	2.42584e-04
9.06250e-02	5.62500e-03	2.70711e-04
9.06250e-02	6.87500e-03	2.95211e-04
9.06250e-02	8.12500e-03	3.16588e-04
9.06250e-02	9.37500e-03	3.34465e-04
9.06250e-02	1.06250e-02	3.47248e-04
9.06250e-02	1.18750e-02	3.52072e-04
9.06250e-02	1.31250e-02	3.47258e-04
9.06250e-02	1.43750e-02	3.34568e-04
9.06250e-02	1.56250e-02	3.16924e-04
9.06250e-02	1.68750e-02	2.95869e-04
9.06250e-02	1.81250e-02	2.71693e-04
9.06250e-02	1.93750e-02	2.43788e-04
9.06250e-02	2.06250e-02	2.10415e-04
9.06250e-02	2.18750e-02	1.67401e-04
9.06250e-02	2.31250e-02	1.06834e-04
9.06250e-02	2.43750e-02	1.79121e-05

9.18750e-02	0.00000e+00	1.75594e-05
9.18750e-02	6.25000e-04	1.06064e-04
9.18750e-02	1.87500e-03	1.66072e-04
9.18750e-02	3.12500e-03	2.08751e-04
9.18750e-02	4.37500e-03	2.42123e-04
9.18750e-02	5.62500e-03	2.70275e-04
9.18750e-02	6.87500e-03	2.94818e-04
9.18750e-02	8.12500e-03	3.16234e-04
9.18750e-02	9.37500e-03	3.34139e-04
9.18750e-02	1.06250e-02	3.46945e-04
9.18750e-02	1.18750e-02	3.51845e-04
9.18750e-02	1.31250e-02	3.47205e-04
9.18750e-02	1.43750e-02	3.34734e-04
9.18750e-02	1.56250e-02	3.17287e-04
9.18750e-02	1.68750e-02	2.96384e-04
9.18750e-02	1.81250e-02	2.72303e-04
9.18750e-02	1.93750e-02	2.44423e-04
9.18750e-02	2.06250e-02	2.10989e-04
9.18750e-02	2.18750e-02	1.67831e-04
9.18750e-02	2.31250e-02	1.07067e-04
9.18750e-02	2.43750e-02	1.80760e-05

9.31250e-02	0.00000e+00	1.74637e-05
9.31250e-02	6.25000e-04	1.05694e-04
9.31250e-02	1.87500e-03	1.65445e-04
9.31250e-02	3.12500e-03	2.08001e-04
9.31250e-02	4.37500e-03	2.41404e-04
9.31250e-02	5.62500e-03	2.69666e-04
9.31250e-02	6.87500e-03	2.94332e-04
9.31250e-02	8.12500e-03	3.15853e-04
9.31250e-02	9.37500e-03	3.33834e-04
9.31250e-02	1.06250e-02	3.46701e-04
9.31250e-02	1.18750e-02	3.51707e-04
9.31250e-02	1.31250e-02	3.47265e-04
9.31250e-02	1.43750e-02	3.35032e-04
9.31250e-02	1.56250e-02	3.17795e-04
9.31250e-02	1.68750e-02	2.97055e-04
9.31250e-02	1.81250e-02	2.73073e-04
9.31250e-02	1.93750e-02	2.45213e-04
9.31250e-02	2.06250e-02	2.11704e-04
9.31250e-02	2.18750e-02	1.68367e-04
9.31250e-02	2.31250e-02	1.07369e-04
9.31250e-02	2.43750e-02	1.83420e-05

9.43750e-02	0.00000e+00	1.73012e-05
9.43750e-02	6.25000e-04	1.05063e-04
9.43750e-02	1.87500e-03	1.64326e-04
9.43750e-02	3.12500e-03	2.06755e-04
9.43750e-02	4.37500e-03	2.40331e-04
9.43750e-02	5.62500e-03	2.68856e-04
9.43750e-02	6.87500e-03	2.93762e-04
9.43750e-02	8.12500e-03	3.15467e-04
9.43750e-02	9.37500e-03	3.33578e-04
9.43750e-02	1.06250e-02	3.46543e-04
9.43750e-02	1.18750e-02	3.51683e-04
9.43750e-02	1.31250e-02	3.47464e-04
9.43750e-02	1.43750e-02	3.35489e-04
9.43750e-02	1.56250e-02	3.18480e-04
9.43750e-02	1.68750e-02	2.97916e-04
9.43750e-02	1.81250e-02	2.74045e-04
9.43750e-02	1.93750e-02	2.46211e-04
9.43750e-02	2.06250e-02	2.12619e-04
9.43750e-02	2.18750e-02	1.69083e-04
9.43750e-02	2.31250e-02	1.07831e-04
9.43750e-02	2.43750e-02	1.88405e-05

9.56250e-02	0.00000e+00	1.70247e-05
9.56250e-02	6.25000e-04	1.04021e-04
9.56250e-02	1.87500e-03	1.62288e-04
9.56250e-02	3.12500e-03	2.04748e-04
9.56250e-02	4.37500e-03	2.38833e-04
9.56250e-02	5.62500e-03	2.67877e-04
9.56250e-02	6.87500e-03	2.93169e-04
9.56250e-02	8.12500e-03	3.15133e-04
9.56250e-02	9.37500e-03	3.33413e-04
9.56250e-02	1.06250e-02	3.46504e-04
9.56250e-02	1.18750e-02	3.51802e-04
9.56250e-02	1.31250e-02	3.47827e-04
9.56250e-02	1.43750e-02	3.36132e-04
9.56250e-02	1.56250e-02	3.19370e-04
9.56250e-02	1.68750e-02	2.99000e-04
9.56250e-02	1.81250e-02	2.75258e-04
9.56250e-02	1.93750e-02	2.47462e-04
9.56250e-02	2.06250e-02	2.13790e-04
9.56250e-02	2.18750e-02	1.70052e-04
9.56250e-02	2.31250e-02	1.08596e-04
9.56250e-02	2.43750e-02	1.98959e-05

9.68750e-02	0.00000e+00	1.65318e-05
9.68750e-02	6.25000e-04	1.02298e-04
9.68750e-02	1.87500e-03	1.58197e-04
9.68750e-02	3.12500e-03	2.01610e-04
9.68750e-02	4.37500e-03	2.36973e-04
9.68750e-02	5.62500e-03	2.66895e-04
9.68750e-02	6.87500e-03	2.92699e-04
9.68750e-02	8.12500e-03	3.14951e-04
9.68750e-02	9.37500e-03	3.33403e-04
9.68750e-02	1.06250e-02	3.46622e-04
9.68750e-02	1.18750e-02	3.52091e-04
9.68750e-02	1.31250e-02	3.48382e-04
9.68750e-02	1.43750e-02	3.36989e-04
9.68750e-02	1.56250e-02	3.20491e-04
9.68750e-02	1.68750e-02	3.00332e-04
9.68750e-02	1.81250e-02	2.76738e-04
9.68750e-02	1.93750e-02	2.49001e-04
9.68750e-02	2.06250e-02	2.15256e-04
9.68750e-02	2.18750e-02	1.71319e-04
9.68750e-02	2.31250e-02	1.09881e-04
9.68750e-02	2.43750e-02	2.25237e-05

9.81250e-02	0.00000e+00	1.55893e-05
9.81250e-02	6.25000e-04	9.94481e-05
9.81250e-02	1.87500e-03	1.59033e-04
9.81250e-02	3.12500e-03	2.04698e-04
9.81250e-02	4.37500e-03	2.40686e-04
9.81250e-02	5.62500e-03	2.70448e-04
9.81250e-02	6.87500e-03	2.95804e-04
9.81250e-02	8.12500e-03	3.17528e-04
9.81250e-02	9.37500e-03	3.35447e-04
9.81250e-02	1.06250e-02	3.48155e-04
9.81250e-02	1.18750e-02	3.53186e-04
9.81250e-02	1.31250e-02	3.49149e-04
9.81250e-02	1.43750e-02	3.37464e-04
9.81250e-02	1.56250e-02	3.20630e-04
9.81250e-02	1.68750e-02	3.00078e-04
9.81250e-02	1.81250e-02	2.76007e-04
9.81250e-02	1.93750e-02	2.47625e-04
9.81250e-02	2.06250e-02	2.12880e-04
9.81250e-02	2.18750e-02	1.67337e-04
9.81250e-02	2.31250e-02	1.04181e-04
9.81250e-02	2.43750e-02	1.96962e-05

9.93750e-02	0.00000e+00	1.35360e-05
9.93750e-02	6.25000e-04	9.47176e-05
9.93750e-02	1.87500e-03	1.63052e-04
9.93750e-02	3.12500e-03	2.10711e-04
9.93750e-02	4.37500e-03	2.46333e-04
9.93750e-02	5.62500e-03	2.75239e-04
9.93750e-02	6.87500e-03	2.99756e-04
9.93750e-02	8.12500e-03	3.20747e-04
9.93750e-02	9.37500e-03	3.38021e-04
9.93750e-02	1.06250e-02	3.50139e-04
9.93750e-02	1.18750e-02	3.54638e-04
9.93750e-02	1.31250e-02	3.50141e-04
9.93750e-02	1.43750e-02	3.38025e-04
9.93750e-02	1.56250e-02	3.20752e-04
9.93750e-02	1.68750e-02	2.99761e-04
9.93750e-02	1.81250e-02	2.75244e-04
9.93750e-02	1.93750e-02	2.46338e-04
9.93750e-02	2.06250e-02	2.10715e-04
9.93750e-02	2.18750e-02	1.63056e-04
9.93750e-02	2.31250e-02	9.47197e-05
9.93750e-02	2.43750e-02	1.35363e-05

