0.00000e+00	0.00000e+00	0.00000e+00
0.00000e+00	6.25000e-04	2.92500e-02
0.00000e+00	1.87500e-03	8.32500e-02
0.00000e+00	3.12500e-03	1.31250e-01
0.00000e+00	4.37500e-03	1.73250e-01
0.00000e+00	5.62500e-03	2.09250e-01
0.00000e+00	6.87500e-03	2.39250e-01
0.00000e+00	8.12500e-03	2.63250e-01
0.00000e+00	9.37500e-03	2.81250e-01
0.00000e+00	1.06250e-02	2.93250e-01
0.00000e+00	1.18750e-02	2.99250e-01
0.00000e+00	1.31250e-02	2.99250e-01
0.00000e+00	1.43750e-02	2.93250e-01
0.00000e+00	1.56250e-02	2.81250e-01
0.00000e+00	1.68750e-02	2.63250e-01
0.00000e+00	1.81250e-02	2.39250e-01
0.00000e+00	1.93750e-02	2.09250e-01
0.00000e+00	2.06250e-02	1.73250e-01
0.00000e+00	2.18750e-02	1.31250e-01
0.00000e+00	2.31250e-02	8.32500e-02
0.00000e+00	2.43750e-02	2.92500e-02
0.00000e+00	2.50000e-02	-1.33227e-16

1.25000e-03	0.00000e+00	0.00000e+00
1.25000e-03	6.25000e-04	3.03956e-02
1.25000e-03	1.87500e-03	8.28750e-02
1.25000e-03	3.12500e-03	1.31180e-01
1.25000e-03	4.37500e-03	1.73073e-01
1.25000e-03	5.62500e-03	2.09091e-01
1.25000e-03	6.87500e-03	2.39131e-01
1.25000e-03	8.12500e-03	2.63165e-01
1.25000e-03	9.37500e-03	2.81187e-01
1.25000e-03	1.06250e-02	2.93199e-01
1.25000e-03	1.18750e-02	2.99205e-01
1.25000e-03	1.31250e-02	2.99205e-01
1.25000e-03	1.43750e-02	2.93199e-01
1.25000e-03	1.56250e-02	2.81187e-01
1.25000e-03	1.68750e-02	2.63165e-01
1.25000e-03	1.81250e-02	2.39131e-01
1.25000e-03	1.93750e-02	2.09091e-01
1.25000e-03	2.06250e-02	1.73073e-01
1.25000e-03	2.18750e-02	1.31180e-01
1.25000e-03	2.31250e-02	8.28750e-02
1.25000e-03	2.43750e-02	3.03956e-02
1.25000e-03	2.50000e-02	-1.33227e-16

2.50000e-03	0.00000e+00	0.00000e+00
2.50000e-03	6.25000e-04	3.15190e-02
2.50000e-03	1.87500e-03	8.28435e-02
2.50000e-03	3.12500e-03	1.31202e-01
2.50000e-03	4.37500e-03	1.72869e-01
2.50000e-03	5.62500e-03	2.08847e-01
2.50000e-03	6.87500e-03	2.38926e-01
2.50000e-03	8.12500e-03	2.63008e-01
2.50000e-03	9.37500e-03	2.81067e-01
2.50000e-03	1.06250e-02	2.93101e-01
2.50000e-03	1.18750e-02	2.99117e-01
2.50000e-03	1.31250e-02	2.99117e-01
2.50000e-03	1.43750e-02	2.93101e-01
2.50000e-03	1.56250e-02	2.81067e-01
2.50000e-03	1.68750e-02	2.63008e-01
2.50000e-03	1.81250e-02	2.38926e-01
2.50000e-03	1.93750e-02	2.08847e-01
2.50000e-03	2.06250e-02	1.72869e-01
2.50000e-03	2.18750e-02	1.31202e-01
2.50000e-03	2.31250e-02	8.28435e-02
2.50000e-03	2.43750e-02	3.15190e-02
2.50000e-03	2.50000e-02	-1.33227e-16

3.75000e-03	0.00000e+00	0.00000e+00
3.75000e-03	6.25000e-04	3.24909e-02
3.75000e-03	1.87500e-03	8.31383e-02
3.75000e-03	3.12500e-03	1.31316e-01
3.75000e-03	4.37500e-03	1.72678e-01
3.75000e-03	5.62500e-03	2.08561e-01
3.75000e-03	6.87500e-03	2.38662e-01
3.75000e-03	8.12500e-03	2.62797e-01
3.75000e-03	9.37500e-03	2.80901e-01
3.75000e-03	1.06250e-02	2.92964e-01
3.75000e-03	1.18750e-02	2.98992e-01
3.75000e-03	1.31250e-02	2.98992e-01
3.75000e-03	1.43750e-02	2.92964e-01
3.75000e-03	1.56250e-02	2.80901e-01
3.75000e-03	1.68750e-02	2.62797e-01
3.75000e-03	1.81250e-02	2.38662e-01
3.75000e-03	1.93750e-02	2.08561e-01
3.75000e-03	2.06250e-02	1.72678e-01
3.75000e-03	2.18750e-02	1.31316e-01
3.75000e-03	2.31250e-02	8.31384e-02
3.75000e-03	2.43750e-02	3.24909e-02
3.75000e-03	2.50000e-02	-1.33227e-16

5.00000e-03	0.00000e+00	0.00000e+00
5.00000e-03	6.25000e-04	3.33336e-02
5.00000e-03	1.87500e-03	8.36633e-02
5.00000e-03	3.12500e-03	1.31506e-01
5.00000e-03	4.37500e-03	1.72513e-01
5.00000e-03	5.62500e-03	2.08254e-01
5.00000e-03	6.87500e-03	2.38356e-01
5.00000e-03	8.12500e-03	2.62544e-01
5.00000e-03	9.37500e-03	2.80698e-01
5.00000e-03	1.06250e-02	2.92794e-01
5.00000e-03	1.18750e-02	2.98838e-01
5.00000e-03	1.31250e-02	2.98838e-01
5.00000e-03	1.43750e-02	2.92794e-01
5.00000e-03	1.56250e-02	2.80698e-01
5.00000e-03	1.68750e-02	2.62544e-01
5.00000e-03	1.81250e-02	2.38356e-01
5.00000e-03	1.93750e-02	2.08254e-01
5.00000e-03	2.06250e-02	1.72513e-01
5.00000e-03	2.18750e-02	1.31506e-01
5.00000e-03	2.31250e-02	8.36633e-02
5.00000e-03	2.43750e-02	3.33336e-02
5.00000e-03	2.50000e-02	-1.33227e-16

6.25000e-03	0.00000e+00	0.00000e+00
6.25000e-03	6.25000e-04	3.40975e-02
6.25000e-03	1.87500e-03	8.43326e-02
6.25000e-03	3.12500e-03	1.31754e-01
6.25000e-03	4.37500e-03	1.72375e-01
6.25000e-03	5.62500e-03	2.07936e-01
6.25000e-03	6.87500e-03	2.38021e-01
6.25000e-03	8.12500e-03	2.62257e-01
6.25000e-03	9.37500e-03	2.80466e-01
6.25000e-03	1.06250e-02	2.92599e-01
6.25000e-03	1.18750e-02	2.98661e-01
6.25000e-03	1.31250e-02	2.98661e-01
6.25000e-03	1.43750e-02	2.92599e-01
6.25000e-03	1.56250e-02	2.80466e-01
6.25000e-03	1.68750e-02	2.62257e-01
6.25000e-03	1.81250e-02	2.38021e-01
6.25000e-03	1.93750e-02	2.07936e-01
6.25000e-03	2.06250e-02	1.72375e-01
6.25000e-03	2.18750e-02	1.31754e-01
6.25000e-03	2.31250e-02	8.43326e-02
6.25000e-03	2.43750e-02	3.40975e-02
6.25000e-03	2.50000e-02	-1.33227e-16

7.50000e-03	0.00000e+00	0.00000e+00
7.50000e-03	6.25000e-04	3.48230e-02
7.50000e-03	1.87500e-03	8.50871e-02
7.50000e-03	3.12500e-03	1.32043e-01
7.50000e-03	4.37500e-03	1.72262e-01
7.50000e-03	5.62500e-03	2.07613e-01
7.50000e-03	6.87500e-03	2.37663e-01
7.50000e-03	8.12500e-03	2.61945e-01
7.50000e-03	9.37500e-03	2.80211e-01
7.50000e-03	1.06250e-02	2.92386e-01
7.50000e-03	1.18750e-02	2.98468e-01
7.50000e-03	1.31250e-02	2.98468e-01
7.50000e-03	1.43750e-02	2.92386e-01
7.50000e-03	1.56250e-02	2.80211e-01
7.50000e-03	1.68750e-02	2.61945e-01
7.50000e-03	1.81250e-02	2.37663e-01
7.50000e-03	1.93750e-02	2.07613e-01
7.50000e-03	2.06250e-02	1.72262e-01
7.50000e-03	2.18750e-02	1.32043e-01
7.50000e-03	2.31250e-02	8.50871e-02
7.50000e-03	2.43750e-02	3.48230e-02
7.50000e-03	2.50000e-02	-1.33227e-16

8.75000e-03	0.00000e+00	0.00000e+00
8.75000e-03	6.25000e-04	3.55347e-02
8.75000e-03	1.87500e-03	8.58895e-02
8.75000e-03	3.12500e-03	1.32360e-01
8.75000e-03	4.37500e-03	1.72169e-01
8.75000e-03	5.62500e-03	2.07289e-01
8.75000e-03	6.87500e-03	2.37287e-01
8.75000e-03	8.12500e-03	2.61611e-01
8.75000e-03	9.37500e-03	2.79939e-01
8.75000e-03	1.06250e-02	2.92159e-01
8.75000e-03	1.18750e-02	2.98263e-01
8.75000e-03	1.31250e-02	2.98263e-01
8.75000e-03	1.43750e-02	2.92159e-01
8.75000e-03	1.56250e-02	2.79939e-01
8.75000e-03	1.68750e-02	2.61611e-01
8.75000e-03	1.81250e-02	2.37287e-01
8.75000e-03	1.93750e-02	2.07289e-01
8.75000e-03	2.06250e-02	1.72169e-01
8.75000e-03	2.18750e-02	1.32360e-01
8.75000e-03	2.31250e-02	8.58895e-02
8.75000e-03	2.43750e-02	3.55347e-02
8.75000e-03	2.50000e-02	-1.33227e-16

1.00000e-02	0.00000e+00	0.00000e+00
1.00000e-02	6.25000e-04	3.62446e-02
1.00000e-02	1.87500e-03	8.67166e-02
1.00000e-02	3.12500e-03	1.32698e-01
1.00000e-02	4.37500e-03	1.72096e-01
1.00000e-02	5.62500e-03	2.06966e-01
1.00000e-02	6.87500e-03	2.36896e-01
1.00000e-02	8.12500e-03	2.61259e-01
1.00000e-02	9.37500e-03	2.79652e-01
1.00000e-02	1.06250e-02	2.91922e-01
1.00000e-02	1.18750e-02	2.98050e-01
1.00000e-02	1.31250e-02	2.98050e-01
1.00000e-02	1.43750e-02	2.91922e-01
1.00000e-02	1.56250e-02	2.79652e-01
1.00000e-02	1.68750e-02	2.61259e-01
1.00000e-02	1.81250e-02	2.36896e-01
1.00000e-02	1.93750e-02	2.06966e-01
1.00000e-02	2.06250e-02	1.72096e-01
1.00000e-02	2.18750e-02	1.32698e-01
1.00000e-02	2.31250e-02	8.67166e-02
1.00000e-02	2.43750e-02	3.62446e-02
1.00000e-02	2.50000e-02	-1.33227e-16

1.12500e-02	0.00000e+00	0.00000e+00
1.12500e-02	6.25000e-04	3.69563e-02
1.12500e-02	1.87500e-03	8.75540e-02
1.12500e-02	3.12500e-03	1.33052e-01
1.12500e-02	4.37500e-03	1.72040e-01
1.12500e-02	5.62500e-03	2.06646e-01
1.12500e-02	6.87500e-03	2.36495e-01
1.12500e-02	8.12500e-03	2.60892e-01
1.12500e-02	9.37500e-03	2.79354e-01
1.12500e-02	1.06250e-02	2.91678e-01
1.12500e-02	1.18750e-02	2.97834e-01
1.12500e-02	1.31250e-02	2.97834e-01
1.12500e-02	1.43750e-02	2.91678e-01
1.12500e-02	1.56250e-02	2.79354e-01
1.12500e-02	1.68750e-02	2.60892e-01
1.12500e-02	1.81250e-02	2.36495e-01
1.12500e-02	1.93750e-02	2.06646e-01
1.12500e-02	2.06250e-02	1.72040e-01
1.12500e-02	2.18750e-02	1.33052e-01
1.12500e-02	2.31250e-02	8.75540e-02
1.12500e-02	2.43750e-02	3.69563e-02
1.12500e-02	2.50000e-02	-1.33227e-16

1.25000e-02	0.00000e+00	0.00000e+00
1.25000e-02	6.25000e-04	3.76685e-02
1.25000e-02	1.87500e-03	8.83925e-02
1.25000e-02	3.12500e-03	1.33419e-01
1.25000e-02	4.37500e-03	1.72000e-01
1.25000e-02	5.62500e-03	2.06332e-01
1.25000e-02	6.87500e-03	2.36085e-01
1.25000e-02	8.12500e-03	2.60511e-01
1.25000e-02	9.37500e-03	2.79046e-01
1.25000e-02	1.06250e-02	2.91430e-01
1.25000e-02	1.18750e-02	2.97616e-01
1.25000e-02	1.31250e-02	2.97616e-01
1.25000e-02	1.43750e-02	2.91430e-01
1.25000e-02	1.56250e-02	2.79046e-01
1.25000e-02	1.68750e-02	2.60511e-01
1.25000e-02	1.81250e-02	2.36085e-01
1.25000e-02	1.93750e-02	2.06332e-01
1.25000e-02	2.06250e-02	1.72000e-01
1.25000e-02	2.18750e-02	1.33419e-01
1.25000e-02	2.31250e-02	8.83926e-02
1.25000e-02	2.43750e-02	3.76685e-02
1.25000e-02	2.50000e-02	-1.33227e-16

1.37500e-02	0.00000e+00	0.00000e+00
1.37500e-02	6.25000e-04	3.83776e-02
1.37500e-02	1.87500e-03	8.92260e-02
1.37500e-02	3.12500e-03	1.33797e-01
1.37500e-02	4.37500e-03	1.71976e-01
1.37500e-02	5.62500e-03	2.06026e-01
1.37500e-02	6.87500e-03	2.35670e-01
1.37500e-02	8.12500e-03	2.60120e-01
1.37500e-02	9.37500e-03	2.78730e-01
1.37500e-02	1.06250e-02	2.91179e-01
1.37500e-02	1.18750e-02	2.97398e-01
1.37500e-02	1.31250e-02	2.97398e-01
1.37500e-02	1.43750e-02	2.91179e-01
1.37500e-02	1.56250e-02	2.78730e-01
1.37500e-02	1.68750e-02	2.60120e-01
1.37500e-02	1.81250e-02	2.35670e-01
1.37500e-02	1.93750e-02	2.06026e-01
1.37500e-02	2.06250e-02	1.71976e-01
1.37500e-02	2.18750e-02	1.33797e-01
1.37500e-02	2.31250e-02	8.92260e-02
1.37500e-02	2.43750e-02	3.83776e-02
1.37500e-02	2.50000e-02	-1.33227e-16

1.50000e-02	0.00000e+00	0.00000e+00
1.50000e-02	6.25000e-04	3.90792e-02
1.50000e-02	1.87500e-03	9.00499e-02
1.50000e-02	3.12500e-03	1.34184e-01
1.50000e-02	4.37500e-03	1.71967e-01
1.50000e-02	5.62500e-03	2.05729e-01
1.50000e-02	6.87500e-03	2.35252e-01
1.50000e-02	8.12500e-03	2.59720e-01
1.50000e-02	9.37500e-03	2.78407e-01
1.50000e-02	1.06250e-02	2.90927e-01
1.50000e-02	1.18750e-02	2.97183e-01
1.50000e-02	1.31250e-02	2.97183e-01
1.50000e-02	1.43750e-02	2.90927e-01
1.50000e-02	1.56250e-02	2.78407e-01
1.50000e-02	1.68750e-02	2.59720e-01
1.50000e-02	1.81250e-02	2.35252e-01
1.50000e-02	1.93750e-02	2.05729e-01
1.50000e-02	2.06250e-02	1.71967e-01
1.50000e-02	2.18750e-02	1.34184e-01
1.50000e-02	2.31250e-02	9.00499e-02
1.50000e-02	2.43750e-02	3.90792e-02
1.50000e-02	2.50000e-02	-1.33227e-16

1.62500e-02	0.00000e+00	0.00000e+00
1.62500e-02	6.25000e-04	3.97691e-02
1.62500e-02	1.87500e-03	9.08612e-02
1.62500e-02	3.12500e-03	1.34581e-01
1.62500e-02	4.37500e-03	1.71974e-01
1.62500e-02	5.62500e-03	2.05444e-01
1.62500e-02	6.87500e-03	2.34834e-01
1.62500e-02	8.12500e-03	2.59312e-01
1.62500e-02	9.37500e-03	2.78078e-01
1.62500e-02	1.06250e-02	2.90675e-01
1.62500e-02	1.18750e-02	2.96971e-01
1.62500e-02	1.31250e-02	2.96971e-01
1.62500e-02	1.43750e-02	2.90675e-01
1.62500e-02	1.56250e-02	2.78078e-01
1.62500e-02	1.68750e-02	2.59312e-01
1.62500e-02	1.81250e-02	2.34834e-01
1.62500e-02	1.93750e-02	2.05444e-01
1.62500e-02	2.06250e-02	1.71974e-01
1.62500e-02	2.18750e-02	1.34581e-01
1.62500e-02	2.31250e-02	9.08612e-02
1.62500e-02	2.43750e-02	3.97691e-02
1.62500e-02	2.50000e-02	-1.33227e-16

1.75000e-02	0.00000e+00	0.00000e+00
1.75000e-02	6.25000e-04	4.04436e-02
1.75000e-02	1.87500e-03	9.16574e-02
1.75000e-02	3.12500e-03	1.34986e-01
1.75000e-02	4.37500e-03	1.71997e-01
1.75000e-02	5.62500e-03	2.05170e-01
1.75000e-02	6.87500e-03	2.34418e-01
1.75000e-02	8.12500e-03	2.58899e-01
1.75000e-02	9.37500e-03	2.77745e-01
1.75000e-02	1.06250e-02	2.90422e-01
1.75000e-02	1.18750e-02	2.96763e-01
1.75000e-02	1.31250e-02	2.96763e-01
1.75000e-02	1.43750e-02	2.90422e-01
1.75000e-02	1.56250e-02	2.77745e-01
1.75000e-02	1.68750e-02	2.58899e-01
1.75000e-02	1.81250e-02	2.34418e-01
1.75000e-02	1.93750e-02	2.05170e-01
1.75000e-02	2.06250e-02	1.71997e-01
1.75000e-02	2.18750e-02	1.34986e-01
1.75000e-02	2.31250e-02	9.16574e-02
1.75000e-02	2.43750e-02	4.04436e-02
1.75000e-02	2.50000e-02	-1.33227e-16

1.87500e-02	0.00000e+00	0.00000e+00
1.87500e-02	6.25000e-04	4.10997e-02
1.87500e-02	1.87500e-03	9.24367e-02
1.87500e-02	3.12500e-03	1.35398e-01
1.87500e-02	4.37500e-03	1.72034e-01
1.87500e-02	5.62500e-03	2.04910e-01
1.87500e-02	6.87500e-03	2.34005e-01
1.87500e-02	8.12500e-03	2.58480e-01
1.87500e-02	9.37500e-03	2.77406e-01
1.87500e-02	1.06250e-02	2.90170e-01
1.87500e-02	1.18750e-02	2.96559e-01
1.87500e-02	1.31250e-02	2.96559e-01
1.87500e-02	1.43750e-02	2.90170e-01
1.87500e-02	1.56250e-02	2.77406e-01
1.87500e-02	1.68750e-02	2.58480e-01
1.87500e-02	1.81250e-02	2.34005e-01
1.87500e-02	1.93750e-02	2.04910e-01
1.87500e-02	2.06250e-02	1.72034e-01
1.87500e-02	2.18750e-02	1.35398e-01
1.87500e-02	2.31250e-02	9.24368e-02
1.87500e-02	2.43750e-02	4.10998e-02
1.87500e-02	2.50000e-02	-1.33227e-16

2.00000e-02	0.00000e+00	0.00000e+00
2.00000e-02	6.25000e-04	4.17355e-02
2.00000e-02	1.87500e-03	9.31978e-02
2.00000e-02	3.12500e-03	1.35817e-01
2.00000e-02	4.37500e-03	1.72087e-01
2.00000e-02	5.62500e-03	2.04665e-01
2.00000e-02	6.87500e-03	2.33597e-01
2.00000e-02	8.12500e-03	2.58059e-01
2.00000e-02	9.37500e-03	2.77064e-01
2.00000e-02	1.06250e-02	2.89919e-01
2.00000e-02	1.18750e-02	2.96359e-01
2.00000e-02	1.31250e-02	2.96359e-01
2.00000e-02	1.43750e-02	2.89919e-01
2.00000e-02	1.56250e-02	2.77064e-01
2.00000e-02	1.68750e-02	2.58059e-01
2.00000e-02	1.81250e-02	2.33597e-01
2.00000e-02	1.93750e-02	2.04665e-01
2.00000e-02	2.06250e-02	1.72087e-01
2.00000e-02	2.18750e-02	1.35817e-01
2.00000e-02	2.31250e-02	9.31979e-02
2.00000e-02	2.43750e-02	4.17355e-02
2.00000e-02	2.50000e-02	-1.33227e-16

2.12500e-02	0.00000e+00	0.00000e+00
2.12500e-02	6.25000e-04	4.23495e-02
2.12500e-02	1.87500e-03	9.39397e-02
2.12500e-02	3.12500e-03	1.36240e-01
2.12500e-02	4.37500e-03	1.72156e-01
2.12500e-02	5.62500e-03	2.04434e-01
2.12500e-02	6.87500e-03	2.33196e-01
2.12500e-02	8.12500e-03	2.57635e-01
2.12500e-02	9.37500e-03	2.76718e-01
2.12500e-02	1.06250e-02	2.89668e-01
2.12500e-02	1.18750e-02	2.96164e-01
2.12500e-02	1.31250e-02	2.96164e-01
2.12500e-02	1.43750e-02	2.89668e-01
2.12500e-02	1.56250e-02	2.76718e-01
2.12500e-02	1.68750e-02	2.57635e-01
2.12500e-02	1.81250e-02	2.33196e-01
2.12500e-02	1.93750e-02	2.04434e-01
2.12500e-02	2.06250e-02	1.72156e-01
2.12500e-02	2.18750e-02	1.36240e-01
2.12500e-02	2.31250e-02	9.39398e-02
2.12500e-02	2.43750e-02	4.23496e-02
2.12500e-02	2.50000e-02	-1.33227e-16

2.25000e-02	0.00000e+00	0.00000e+00
2.25000e-02	6.25000e-04	4.29412e-02
2.25000e-02	1.87500e-03	9.46618e-02
2.25000e-02	3.12500e-03	1.36668e-01
2.25000e-02	4.37500e-03	1.72238e-01
2.25000e-02	5.62500e-03	2.04219e-01
2.25000e-02	6.87500e-03	2.32804e-01
2.25000e-02	8.12500e-03	2.57211e-01
2.25000e-02	9.37500e-03	2.76368e-01
2.25000e-02	1.06250e-02	2.89417e-01
2.25000e-02	1.18750e-02	2.95972e-01
2.25000e-02	1.31250e-02	2.95972e-01
2.25000e-02	1.43750e-02	2.89417e-01
2.25000e-02	1.56250e-02	2.76368e-01
2.25000e-02	1.68750e-02	2.57211e-01
2.25000e-02	1.81250e-02	2.32804e-01
2.25000e-02	1.93750e-02	2.04219e-01
2.25000e-02	2.06250e-02	1.72238e-01
2.25000e-02	2.18750e-02	1.36668e-01
2.25000e-02	2.31250e-02	9.46619e-02
2.25000e-02	2.43750e-02	4.29412e-02
2.25000e-02	2.50000e-02	-1.33227e-16

2.37500e-02	0.00000e+00	0.00000e+00
2.37500e-02	6.25000e-04	4.35102e-02
2.37500e-02	1.87500e-03	9.53637e-02
2.37500e-02	3.12500e-03	1.37098e-01
2.37500e-02	4.37500e-03	1.72335e-01
2.37500e-02	5.62500e-03	2.04020e-01
2.37500e-02	6.87500e-03	2.32420e-01
2.37500e-02	8.12500e-03	2.56786e-01
2.37500e-02	9.37500e-03	2.76015e-01
2.37500e-02	1.06250e-02	2.89166e-01
2.37500e-02	1.18750e-02	2.95785e-01
2.37500e-02	1.31250e-02	2.95785e-01
2.37500e-02	1.43750e-02	2.89166e-01
2.37500e-02	1.56250e-02	2.76015e-01
2.37500e-02	1.68750e-02	2.56786e-01
2.37500e-02	1.81250e-02	2.32421e-01
2.37500e-02	1.93750e-02	2.04021e-01
2.37500e-02	2.06250e-02	1.72335e-01
2.37500e-02	2.18750e-02	1.37098e-01
2.37500e-02	2.31250e-02	9.53637e-02
2.37500e-02	2.43750e-02	4.35103e-02
2.37500e-02	2.50000e-02	-1.33227e-16

2.50000e-02	0.00000e+00	0.00000e+00
2.50000e-02	6.25000e-04	4.40569e-02
2.50000e-02	1.87500e-03	9.60452e-02
2.50000e-02	3.12500e-03	1.37530e-01
2.50000e-02	4.37500e-03	1.72446e-01
2.50000e-02	5.62500e-03	2.03838e-01
2.50000e-02	6.87500e-03	2.32048e-01
2.50000e-02	8.12500e-03	2.56363e-01
2.50000e-02	9.37500e-03	2.75659e-01
2.50000e-02	1.06250e-02	2.88914e-01
2.50000e-02	1.18750e-02	2.95601e-01
2.50000e-02	1.31250e-02	2.95601e-01
2.50000e-02	1.43750e-02	2.88914e-01
2.50000e-02	1.56250e-02	2.75659e-01
2.50000e-02	1.68750e-02	2.56363e-01
2.50000e-02	1.81250e-02	2.32048e-01
2.50000e-02	1.93750e-02	2.03838e-01
2.50000e-02	2.06250e-02	1.72446e-01
2.50000e-02	2.18750e-02	1.37530e-01
2.50000e-02	2.31250e-02	9.60453e-02
2.50000e-02	2.43750e-02	4.40570e-02
2.50000e-02	2.50000e-02	-1.33227e-16

2.62500e-02	0.00000e+00	0.00000e+00
2.62500e-02	6.25000e-04	4.45818e-02
2.62500e-02	1.87500e-03	9.67066e-02
2.62500e-02	3.12500e-03	1.37961e-01
2.62500e-02	4.37500e-03	1.72570e-01
2.62500e-02	5.62500e-03	2.03672e-01
2.62500e-02	6.87500e-03	2.31686e-01
2.62500e-02	8.12500e-03	2.55941e-01
2.62500e-02	9.37500e-03	2.75300e-01
2.62500e-02	1.06250e-02	2.88662e-01
2.62500e-02	1.18750e-02	2.95419e-01
2.62500e-02	1.31250e-02	2.95419e-01
2.62500e-02	1.43750e-02	2.88662e-01
2.62500e-02	1.56250e-02	2.75300e-01
2.62500e-02	1.68750e-02	2.55942e-01
2.62500e-02	1.81250e-02	2.31686e-01
2.62500e-02	1.93750e-02	2.03672e-01
2.62500e-02	2.06250e-02	1.72570e-01
2.62500e-02	2.18750e-02	1.37962e-01
2.62500e-02	2.31250e-02	9.67067e-02
2.62500e-02	2.43750e-02	4.45818e-02
2.62500e-02	2.50000e-02	-1.33227e-16

2.75000e-02	0.00000e+00	0.00000e+00
2.75000e-02	6.25000e-04	4.50855e-02
2.75000e-02	1.87500e-03	9.73479e-02
2.75000e-02	3.12500e-03	1.38393e-01
2.75000e-02	4.37500e-03	1.72705e-01
2.75000e-02	5.62500e-03	2.03522e-01
2.75000e-02	6.87500e-03	2.31336e-01
2.75000e-02	8.12500e-03	2.55523e-01
2.75000e-02	9.37500e-03	2.74938e-01
2.75000e-02	1.06250e-02	2.88409e-01
2.75000e-02	1.18750e-02	2.95240e-01
2.75000e-02	1.31250e-02	2.95240e-01
2.75000e-02	1.43750e-02	2.88409e-01
2.75000e-02	1.56250e-02	2.74938e-01
2.75000e-02	1.68750e-02	2.55523e-01
2.75000e-02	1.81250e-02	2.31336e-01
2.75000e-02	1.93750e-02	2.03522e-01
2.75000e-02	2.06250e-02	1.72705e-01
2.75000e-02	2.18750e-02	1.38393e-01
2.75000e-02	2.31250e-02	9.73480e-02
2.75000e-02	2.43750e-02	4.50856e-02
2.75000e-02	2.50000e-02	-1.33227e-16

2.87500e-02	0.00000e+00	0.00000e+00
2.87500e-02	6.25000e-04	4.55689e-02
2.87500e-02	1.87500e-03	9.79696e-02
2.87500e-02	3.12500e-03	1.38822e-01
2.87500e-02	4.37500e-03	1.72852e-01
2.87500e-02	5.62500e-03	2.03388e-01
2.87500e-02	6.87500e-03	2.30999e-01
2.87500e-02	8.12500e-03	2.55109e-01
2.87500e-02	9.37500e-03	2.74573e-01
2.87500e-02	1.06250e-02	2.88154e-01
2.87500e-02	1.18750e-02	2.95063e-01
2.87500e-02	1.31250e-02	2.95063e-01
2.87500e-02	1.43750e-02	2.88154e-01
2.87500e-02	1.56250e-02	2.74573e-01
2.87500e-02	1.68750e-02	2.55109e-01
2.87500e-02	1.81250e-02	2.30999e-01
2.87500e-02	1.93750e-02	2.03388e-01
2.87500e-02	2.06250e-02	1.72852e-01
2.87500e-02	2.18750e-02	1.38822e-01
2.87500e-02	2.31250e-02	9.79697e-02
2.87500e-02	2.43750e-02	4.55690e-02
2.87500e-02	2.50000e-02	-1.33227e-16

3.00000e-02	0.00000e+00	0.00000e+00
3.00000e-02	6.25000e-04	4.60329e-02
3.00000e-02	1.87500e-03	9.85722e-02
3.00000e-02	3.12500e-03	1.39249e-01
3.00000e-02	4.37500e-03	1.73010e-01
3.00000e-02	5.62500e-03	2.03270e-01
3.00000e-02	6.87500e-03	2.30676e-01
3.00000e-02	8.12500e-03	2.54699e-01
3.00000e-02	9.37500e-03	2.74207e-01
3.00000e-02	1.06250e-02	2.87897e-01
3.00000e-02	1.18750e-02	2.94887e-01
3.00000e-02	1.31250e-02	2.94887e-01
3.00000e-02	1.43750e-02	2.87897e-01
3.00000e-02	1.56250e-02	2.74207e-01
3.00000e-02	1.68750e-02	2.54699e-01
3.00000e-02	1.81250e-02	2.30676e-01
3.00000e-02	1.93750e-02	2.03270e-01
3.00000e-02	2.06250e-02	1.73010e-01
3.00000e-02	2.18750e-02	1.39249e-01
3.00000e-02	2.31250e-02	9.85723e-02
3.00000e-02	2.43750e-02	4.60330e-02
3.00000e-02	2.50000e-02	-1.33227e-16

3.12500e-02	0.00000e+00	0.00000e+00
3.12500e-02	6.25000e-04	4.64784e-02
3.12500e-02	1.87500e-03	9.91561e-02
3.12500e-02	3.12500e-03	1.39672e-01
3.12500e-02	4.37500e-03	1.73176e-01
3.12500e-02	5.62500e-03	2.03168e-01
3.12500e-02	6.87500e-03	2.30366e-01
3.12500e-02	8.12500e-03	2.54295e-01
3.12500e-02	9.37500e-03	2.73838e-01
3.12500e-02	1.06250e-02	2.87638e-01
3.12500e-02	1.18750e-02	2.94711e-01
3.12500e-02	1.31250e-02	2.94711e-01
3.12500e-02	1.43750e-02	2.87638e-01
3.12500e-02	1.56250e-02	2.73838e-01
3.12500e-02	1.68750e-02	2.54295e-01
3.12500e-02	1.81250e-02	2.30366e-01
3.12500e-02	1.93750e-02	2.03168e-01
3.12500e-02	2.06250e-02	1.73177e-01
3.12500e-02	2.18750e-02	1.39673e-01
3.12500e-02	2.31250e-02	9.91562e-02
3.12500e-02	2.43750e-02	4.64785e-02
3.12500e-02	2.50000e-02	-1.33227e-16

3.25000e-02	0.00000e+00	0.00000e+00
3.25000e-02	6.25000e-04	4.69065e-02
3.25000e-02	1.87500e-03	9.97219e-02
3.25000e-02	3.12500e-03	1.40092e-01
3.25000e-02	4.37500e-03	1.73352e-01
3.25000e-02	5.62500e-03	2.03081e-01
3.25000e-02	6.87500e-03	2.30070e-01
3.25000e-02	8.12500e-03	2.53897e-01
3.25000e-02	9.37500e-03	2.73468e-01
3.25000e-02	1.06250e-02	2.87375e-01
3.25000e-02	1.18750e-02	2.94535e-01
3.25000e-02	1.31250e-02	2.94536e-01
3.25000e-02	1.43750e-02	2.87375e-01
3.25000e-02	1.56250e-02	2.73468e-01
3.25000e-02	1.68750e-02	2.53898e-01
3.25000e-02	1.81250e-02	2.30070e-01
3.25000e-02	1.93750e-02	2.03082e-01
3.25000e-02	2.06250e-02	1.73352e-01
3.25000e-02	2.18750e-02	1.40092e-01
3.25000e-02	2.31250e-02	9.97221e-02
3.25000e-02	2.43750e-02	4.69065e-02
3.25000e-02	2.50000e-02	-1.33227e-16

3.37500e-02	0.00000e+00	0.00000e+00
3.37500e-02	6.25000e-04	4.73179e-02
3.37500e-02	1.87500e-03	1.00270e-01
3.37500e-02	3.12500e-03	1.40507e-01
3.37500e-02	4.37500e-03	1.73535e-01
3.37500e-02	5.62500e-03	2.03009e-01
3.37500e-02	6.87500e-03	2.29788e-01
3.37500e-02	8.12500e-03	2.53507e-01
3.37500e-02	9.37500e-03	2.73096e-01
3.37500e-02	1.06250e-02	2.87110e-01
3.37500e-02	1.18750e-02	2.94359e-01
3.37500e-02	1.31250e-02	2.94359e-01
3.37500e-02	1.43750e-02	2.87110e-01
3.37500e-02	1.56250e-02	2.73096e-01
3.37500e-02	1.68750e-02	2.53507e-01
3.37500e-02	1.81250e-02	2.29788e-01
3.37500e-02	1.93750e-02	2.03010e-01
3.37500e-02	2.06250e-02	1.73536e-01
3.37500e-02	2.18750e-02	1.40507e-01
3.37500e-02	2.31250e-02	1.00271e-01
3.37500e-02	2.43750e-02	4.73180e-02
3.37500e-02	2.50000e-02	-1.33227e-16

3.50000e-02	0.00000e+00	0.00000e+00
3.50000e-02	6.25000e-04	4.77137e-02
3.50000e-02	1.87500e-03	1.00802e-01
3.50000e-02	3.12500e-03	1.40917e-01
3.50000e-02	4.37500e-03	1.73726e-01
3.50000e-02	5.62500e-03	2.02952e-01
3.50000e-02	6.87500e-03	2.29520e-01
3.50000e-02	8.12500e-03	2.53124e-01
3.50000e-02	9.37500e-03	2.72724e-01
3.50000e-02	1.06250e-02	2.86840e-01
3.50000e-02	1.18750e-02	2.94180e-01
3.50000e-02	1.31250e-02	2.94180e-01
3.50000e-02	1.43750e-02	2.86840e-01
3.50000e-02	1.56250e-02	2.72724e-01
3.50000e-02	1.68750e-02	2.53124e-01
3.50000e-02	1.81250e-02	2.29521e-01
3.50000e-02	1.93750e-02	2.02952e-01
3.50000e-02	2.06250e-02	1.73726e-01
3.50000e-02	2.18750e-02	1.40917e-01
3.50000e-02	2.31250e-02	1.00802e-01
3.50000e-02	2.43750e-02	4.77138e-02
3.50000e-02	2.50000e-02	-1.33227e-16

3.62500e-02	0.00000e+00	0.00000e+00
3.62500e-02	6.25000e-04	4.80947e-02
3.62500e-02	1.87500e-03	1.01318e-01
3.62500e-02	3.12500e-03	1.41322e-01
3.62500e-02	4.37500e-03	1.73922e-01
3.62500e-02	5.62500e-03	2.02907e-01
3.62500e-02	6.87500e-03	2.29268e-01
3.62500e-02	8.12500e-03	2.52750e-01
3.62500e-02	9.37500e-03	2.72351e-01
3.62500e-02	1.06250e-02	2.86567e-01
3.62500e-02	1.18750e-02	2.93999e-01
3.62500e-02	1.31250e-02	2.93999e-01
3.62500e-02	1.43750e-02	2.86567e-01
3.62500e-02	1.56250e-02	2.72351e-01
3.62500e-02	1.68750e-02	2.52750e-01
3.62500e-02	1.81250e-02	2.29268e-01
3.62500e-02	1.93750e-02	2.02908e-01
3.62500e-02	2.06250e-02	1.73922e-01
3.62500e-02	2.18750e-02	1.41322e-01
3.62500e-02	2.31250e-02	1.01318e-01
3.62500e-02	2.43750e-02	4.80948e-02
3.62500e-02	2.50000e-02	-1.33227e-16

3.75000e-02	0.00000e+00	0.00000e+00
3.75000e-02	6.25000e-04	4.84616e-02
3.75000e-02	1.87500e-03	1.01818e-01
3.75000e-02	3.12500e-03	1.41722e-01
3.75000e-02	4.37500e-03	1.74124e-01
3.75000e-02	5.62500e-03	2.02876e-01
3.75000e-02	6.87500e-03	2.29029e-01
3.75000e-02	8.12500e-03	2.52385e-01
3.75000e-02	9.37500e-03	2.71978e-01
3.75000e-02	1.06250e-02	2.86289e-01
3.75000e-02	1.18750e-02	2.93816e-01
3.75000e-02	1.31250e-02	2.93816e-01
3.75000e-02	1.43750e-02	2.86290e-01
3.75000e-02	1.56250e-02	2.71979e-01
3.75000e-02	1.68750e-02	2.52385e-01
3.75000e-02	1.81250e-02	2.29029e-01
3.75000e-02	1.93750e-02	2.02877e-01
3.75000e-02	2.06250e-02	1.74124e-01
3.75000e-02	2.18750e-02	1.41722e-01
3.75000e-02	2.31250e-02	1.01818e-01
3.75000e-02	2.43750e-02	4.84617e-02
3.75000e-02	2.50000e-02	-1.33227e-16

3.87500e-02	0.00000e+00	0.00000e+00
3.87500e-02	6.25000e-04	4.88151e-02
3.87500e-02	1.87500e-03	1.02303e-01
3.87500e-02	3.12500e-03	1.42115e-01
3.87500e-02	4.37500e-03	1.74331e-01
3.87500e-02	5.62500e-03	2.02858e-01
3.87500e-02	6.87500e-03	2.28805e-01
3.87500e-02	8.12500e-03	2.52029e-01
3.87500e-02	9.37500e-03	2.71607e-01
3.87500e-02	1.06250e-02	2.86008e-01
3.87500e-02	1.18750e-02	2.93629e-01
3.87500e-02	1.31250e-02	2.93629e-01
3.87500e-02	1.43750e-02	2.86008e-01
3.87500e-02	1.56250e-02	2.71607e-01
3.87500e-02	1.68750e-02	2.52030e-01
3.87500e-02	1.81250e-02	2.28805e-01
3.87500e-02	1.93750e-02	2.02858e-01
3.87500e-02	2.06250e-02	1.74331e-01
3.87500e-02	2.18750e-02	1.42116e-01
3.87500e-02	2.31250e-02	1.02303e-01
3.87500e-02	2.43750e-02	4.88153e-02
3.87500e-02	2.50000e-02	-1.33227e-16

4.00000e-02	0.00000e+00	0.00000e+00
4.00000e-02	6.25000e-04	4.91561e-02
4.00000e-02	1.87500e-03	1.02774e-01
4.00000e-02	3.12500e-03	1.42503e-01
4.00000e-02	4.37500e-03	1.74542e-01
4.00000e-02	5.62500e-03	2.02851e-01
4.00000e-02	6.87500e-03	2.28594e-01
4.00000e-02	8.12500e-03	2.51684e-01
4.00000e-02	9.37500e-03	2.71236e-01
4.00000e-02	1.06250e-02	2.85721e-01
4.00000e-02	1.18750e-02	2.93438e-01
4.00000e-02	1.31250e-02	2.93438e-01
4.00000e-02	1.43750e-02	2.85721e-01
4.00000e-02	1.56250e-02	2.71236e-01
4.00000e-02	1.68750e-02	2.51684e-01
4.00000e-02	1.81250e-02	2.28595e-01
4.00000e-02	1.93750e-02	2.02851e-01
4.00000e-02	2.06250e-02	1.74542e-01
4.00000e-02	2.18750e-02	1.42504e-01
4.00000e-02	2.31250e-02	1.02774e-01
4.00000e-02	2.43750e-02	4.91562e-02
4.00000e-02	2.50000e-02	-1.33227e-16

4.12500e-02	0.00000e+00	0.00000e+00
4.12500e-02	6.25000e-04	4.94851e-02
4.12500e-02	1.87500e-03	1.03231e-01
4.12500e-02	3.12500e-03	1.42885e-01
4.12500e-02	4.37500e-03	1.74756e-01
4.12500e-02	5.62500e-03	2.02855e-01
4.12500e-02	6.87500e-03	2.28398e-01
4.12500e-02	8.12500e-03	2.51348e-01
4.12500e-02	9.37500e-03	2.70867e-01
4.12500e-02	1.06250e-02	2.85430e-01
4.12500e-02	1.18750e-02	2.93242e-01
4.12500e-02	1.31250e-02	2.93242e-01
4.12500e-02	1.43750e-02	2.85431e-01
4.12500e-02	1.56250e-02	2.70868e-01
4.12500e-02	1.68750e-02	2.51349e-01
4.12500e-02	1.81250e-02	2.28398e-01
4.12500e-02	1.93750e-02	2.02855e-01
4.12500e-02	2.06250e-02	1.74756e-01
4.12500e-02	2.18750e-02	1.42886e-01
4.12500e-02	2.31250e-02	1.03231e-01
4.12500e-02	2.43750e-02	4.94852e-02
4.12500e-02	2.50000e-02	-1.33227e-16

4.25000e-02	0.00000e+00	0.00000e+00
4.25000e-02	6.25000e-04	4.98028e-02
4.25000e-02	1.87500e-03	1.03675e-01
4.25000e-02	3.12500e-03	1.43261e-01
4.25000e-02	4.37500e-03	1.74973e-01
4.25000e-02	5.62500e-03	2.02870e-01
4.25000e-02	6.87500e-03	2.28215e-01
4.25000e-02	8.12500e-03	2.51024e-01
4.25000e-02	9.37500e-03	2.70501e-01
4.25000e-02	1.06250e-02	2.85135e-01
4.25000e-02	1.18750e-02	2.93041e-01
4.25000e-02	1.31250e-02	2.93041e-01
4.25000e-02	1.43750e-02	2.85135e-01
4.25000e-02	1.56250e-02	2.70501e-01
4.25000e-02	1.68750e-02	2.51024e-01
4.25000e-02	1.81250e-02	2.28216e-01
4.25000e-02	1.93750e-02	2.02870e-01
4.25000e-02	2.06250e-02	1.74974e-01
4.25000e-02	2.18750e-02	1.43262e-01
4.25000e-02	2.31250e-02	1.03675e-01
4.25000e-02	2.43750e-02	4.98030e-02
4.25000e-02	2.50000e-02	-1.33227e-16

4.37500e-02	0.00000e+00	0.00000e+00
4.37500e-02	6.25000e-04	5.01099e-02
4.37500e-02	1.87500e-03	1.04107e-01
4.37500e-02	3.12500e-03	1.43631e-01
4.37500e-02	4.37500e-03	1.75193e-01
4.37500e-02	5.62500e-03	2.02894e-01
4.37500e-02	6.87500e-03	2.28046e-01
4.37500e-02	8.12500e-03	2.50710e-01
4.37500e-02	9.37500e-03	2.70138e-01
4.37500e-02	1.06250e-02	2.84835e-01
4.37500e-02	1.18750e-02	2.92835e-01
4.37500e-02	1.31250e-02	2.92835e-01
4.37500e-02	1.43750e-02	2.84835e-01
4.37500e-02	1.56250e-02	2.70138e-01
4.37500e-02	1.68750e-02	2.50710e-01
4.37500e-02	1.81250e-02	2.28046e-01
4.37500e-02	1.93750e-02	2.02895e-01
4.37500e-02	2.06250e-02	1.75194e-01
4.37500e-02	2.18750e-02	1.43632e-01
4.37500e-02	2.31250e-02	1.04107e-01
4.37500e-02	2.43750e-02	5.01101e-02
4.37500e-02	2.50000e-02	-1.33227e-16

4.50000e-02	0.00000e+00	0.00000e+00
4.50000e-02	6.25000e-04	5.04069e-02
4.50000e-02	1.87500e-03	1.04526e-01
4.50000e-02	3.12500e-03	1.43995e-01
4.50000e-02	4.37500e-03	1.75415e-01
4.50000e-02	5.62500e-03	2.02928e-01
4.50000e-02	6.87500e-03	2.27889e-01
4.50000e-02	8.12500e-03	2.50407e-01
4.50000e-02	9.37500e-03	2.69778e-01
4.50000e-02	1.06250e-02	2.84531e-01
4.50000e-02	1.18750e-02	2.92622e-01
4.50000e-02	1.31250e-02	2.92622e-01
4.50000e-02	1.43750e-02	2.84531e-01
4.50000e-02	1.56250e-02	2.69778e-01
4.50000e-02	1.68750e-02	2.50407e-01
4.50000e-02	1.81250e-02	2.27889e-01
4.50000e-02	1.93750e-02	2.02929e-01
4.50000e-02	2.06250e-02	1.75415e-01
4.50000e-02	2.18750e-02	1.43996e-01
4.50000e-02	2.31250e-02	1.04527e-01
4.50000e-02	2.43750e-02	5.04070e-02
4.50000e-02	2.50000e-02	-1.33227e-16

4.62500e-02	0.00000e+00	0.00000e+00
4.62500e-02	6.25000e-04	5.06942e-02
4.62500e-02	1.87500e-03	1.04934e-01
4.62500e-02	3.12500e-03	1.44353e-01
4.62500e-02	4.37500e-03	1.75638e-01
4.62500e-02	5.62500e-03	2.02971e-01
4.62500e-02	6.87500e-03	2.27745e-01
4.62500e-02	8.12500e-03	2.50115e-01
4.62500e-02	9.37500e-03	2.69422e-01
4.62500e-02	1.06250e-02	2.84222e-01
4.62500e-02	1.18750e-02	2.92403e-01
4.62500e-02	1.31250e-02	2.92403e-01
4.62500e-02	1.43750e-02	2.84223e-01
4.62500e-02	1.56250e-02	2.69422e-01
4.62500e-02	1.68750e-02	2.50116e-01
4.62500e-02	1.81250e-02	2.27745e-01
4.62500e-02	1.93750e-02	2.02971e-01
4.62500e-02	2.06250e-02	1.75639e-01
4.62500e-02	2.18750e-02	1.44354e-01
4.62500e-02	2.31250e-02	1.04935e-01
4.62500e-02	2.43750e-02	5.06944e-02
4.62500e-02	2.50000e-02	-1.33227e-16

4.75000e-02	0.00000e+00	0.00000e+00
4.75000e-02	6.25000e-04	5.09724e-02
4.75000e-02	1.87500e-03	1.05331e-01
4.75000e-02	3.12500e-03	1.44705e-01
4.75000e-02	4.37500e-03	1.75863e-01
4.75000e-02	5.62500e-03	2.03021e-01
4.75000e-02	6.87500e-03	2.27612e-01
4.75000e-02	8.12500e-03	2.49834e-01
4.75000e-02	9.37500e-03	2.69071e-01
4.75000e-02	1.06250e-02	2.83910e-01
4.75000e-02	1.18750e-02	2.92177e-01
4.75000e-02	1.31250e-02	2.92177e-01
4.75000e-02	1.43750e-02	2.83910e-01
4.75000e-02	1.56250e-02	2.69071e-01
4.75000e-02	1.68750e-02	2.49835e-01
4.75000e-02	1.81250e-02	2.27613e-01
4.75000e-02	1.93750e-02	2.03022e-01
4.75000e-02	2.06250e-02	1.75864e-01
4.75000e-02	2.18750e-02	1.44706e-01
4.75000e-02	2.31250e-02	1.05332e-01
4.75000e-02	2.43750e-02	5.09726e-02
4.75000e-02	2.50000e-02	-1.33227e-16

4.87500e-02	0.00000e+00	0.00000e+00
4.87500e-02	6.25000e-04	5.12420e-02
4.87500e-02	1.87500e-03	1.05718e-01
4.87500e-02	3.12500e-03	1.45051e-01
4.87500e-02	4.37500e-03	1.76089e-01
4.87500e-02	5.62500e-03	2.03080e-01
4.87500e-02	6.87500e-03	2.27492e-01
4.87500e-02	8.12500e-03	2.49565e-01
4.87500e-02	9.37500e-03	2.68724e-01
4.87500e-02	1.06250e-02	2.83594e-01
4.87500e-02	1.18750e-02	2.91944e-01
4.87500e-02	1.31250e-02	2.91944e-01
4.87500e-02	1.43750e-02	2.83594e-01
4.87500e-02	1.56250e-02	2.68725e-01
4.87500e-02	1.68750e-02	2.49565e-01
4.87500e-02	1.81250e-02	2.27492e-01
4.87500e-02	1.93750e-02	2.03080e-01
4.87500e-02	2.06250e-02	1.76089e-01
4.87500e-02	2.18750e-02	1.45052e-01
4.87500e-02	2.31250e-02	1.05718e-01
4.87500e-02	2.43750e-02	5.12422e-02
4.87500e-02	2.50000e-02	-1.33227e-16

5.00000e-02	0.00000e+00	0.00000e+00
5.00000e-02	6.25000e-04	5.15033e-02
5.00000e-02	1.87500e-03	1.06094e-01
5.00000e-02	3.12500e-03	1.45392e-01
5.00000e-02	4.37500e-03	1.76315e-01
5.00000e-02	5.62500e-03	2.03145e-01
5.00000e-02	6.87500e-03	2.27382e-01
5.00000e-02	8.12500e-03	2.49306e-01
5.00000e-02	9.37500e-03	2.68383e-01
5.00000e-02	1.06250e-02	2.83274e-01
5.00000e-02	1.18750e-02	2.91704e-01
5.00000e-02	1.31250e-02	2.91704e-01
5.00000e-02	1.43750e-02	2.83274e-01
5.00000e-02	1.56250e-02	2.68384e-01
5.00000e-02	1.68750e-02	2.49307e-01
5.00000e-02	1.81250e-02	2.27383e-01
5.00000e-02	1.93750e-02	2.03145e-01
5.00000e-02	2.06250e-02	1.76315e-01
5.00000e-02	2.18750e-02	1.45392e-01
5.00000e-02	2.31250e-02	1.06094e-01
5.00000e-02	2.43750e-02	5.15035e-02
5.00000e-02	2.50000e-02	-1.33227e-16

5.12500e-02	0.00000e+00	0.00000e+00
5.12500e-02	6.25000e-04	5.17568e-02
5.12500e-02	1.87500e-03	1.06461e-01
5.12500e-02	3.12500e-03	1.45726e-01
5.12500e-02	4.37500e-03	1.76541e-01
5.12500e-02	5.62500e-03	2.03216e-01
5.12500e-02	6.87500e-03	2.27283e-01
5.12500e-02	8.12500e-03	2.49058e-01
5.12500e-02	9.37500e-03	2.68048e-01
5.12500e-02	1.06250e-02	2.82951e-01
5.12500e-02	1.18750e-02	2.91455e-01
5.12500e-02	1.31250e-02	2.91455e-01
5.12500e-02	1.43750e-02	2.82952e-01
5.12500e-02	1.56250e-02	2.68049e-01
5.12500e-02	1.68750e-02	2.49059e-01
5.12500e-02	1.81250e-02	2.27284e-01
5.12500e-02	1.93750e-02	2.03217e-01
5.12500e-02	2.06250e-02	1.76542e-01
5.12500e-02	2.18750e-02	1.45727e-01
5.12500e-02	2.31250e-02	1.06461e-01
5.12500e-02	2.43750e-02	5.17570e-02
5.12500e-02	2.50000e-02	-1.33227e-16

5.25000e-02	0.00000e+00	0.00000e+00
5.25000e-02	6.25000e-04	5.20028e-02
5.25000e-02	1.87500e-03	1.06818e-01
5.25000e-02	3.12500e-03	1.46055e-01
5.25000e-02	4.37500e-03	1.76768e-01
5.25000e-02	5.62500e-03	2.03294e-01
5.25000e-02	6.87500e-03	2.27195e-01
5.25000e-02	8.12500e-03	2.48821e-01
5.25000e-02	9.37500e-03	2.67719e-01
5.25000e-02	1.06250e-02	2.82626e-01
5.25000e-02	1.18750e-02	2.91199e-01
5.25000e-02	1.31250e-02	2.91199e-01
5.25000e-02	1.43750e-02	2.82626e-01
5.25000e-02	1.56250e-02	2.67720e-01
5.25000e-02	1.68750e-02	2.48822e-01
5.25000e-02	1.81250e-02	2.27195e-01
5.25000e-02	1.93750e-02	2.03295e-01
5.25000e-02	2.06250e-02	1.76768e-01
5.25000e-02	2.18750e-02	1.46056e-01
5.25000e-02	2.31250e-02	1.06818e-01
5.25000e-02	2.43750e-02	5.20031e-02
5.25000e-02	2.50000e-02	-1.33227e-16

5.37500e-02	0.00000e+00	0.00000e+00
5.37500e-02	6.25000e-04	5.22417e-02
5.37500e-02	1.87500e-03	1.07166e-01
5.37500e-02	3.12500e-03	1.46378e-01
5.37500e-02	4.37500e-03	1.76994e-01
5.37500e-02	5.62500e-03	2.03377e-01
5.37500e-02	6.87500e-03	2.27116e-01
5.37500e-02	8.12500e-03	2.48595e-01
5.37500e-02	9.37500e-03	2.67397e-01
5.37500e-02	1.06250e-02	2.82298e-01
5.37500e-02	1.18750e-02	2.90935e-01
5.37500e-02	1.31250e-02	2.90935e-01
5.37500e-02	1.43750e-02	2.82298e-01
5.37500e-02	1.56250e-02	2.67397e-01
5.37500e-02	1.68750e-02	2.48595e-01
5.37500e-02	1.81250e-02	2.27117e-01
5.37500e-02	1.93750e-02	2.03378e-01
5.37500e-02	2.06250e-02	1.76995e-01
5.37500e-02	2.18750e-02	1.46379e-01
5.37500e-02	2.31250e-02	1.07167e-01
5.37500e-02	2.43750e-02	5.22420e-02
5.37500e-02	2.50000e-02	-1.33227e-16

5.50000e-02	0.00000e+00	0.00000e+00
5.50000e-02	6.25000e-04	5.24738e-02
5.50000e-02	1.87500e-03	1.07506e-01
5.50000e-02	3.12500e-03	1.46696e-01
5.50000e-02	4.37500e-03	1.77220e-01
5.50000e-02	5.62500e-03	2.03465e-01
5.50000e-02	6.87500e-03	2.27046e-01
5.50000e-02	8.12500e-03	2.48378e-01
5.50000e-02	9.37500e-03	2.67081e-01
5.50000e-02	1.06250e-02	2.81968e-01
5.50000e-02	1.18750e-02	2.90663e-01
5.50000e-02	1.31250e-02	2.90663e-01
5.50000e-02	1.43750e-02	2.81968e-01
5.50000e-02	1.56250e-02	2.67081e-01
5.50000e-02	1.68750e-02	2.48379e-01
5.50000e-02	1.81250e-02	2.27047e-01
5.50000e-02	1.93750e-02	2.03466e-01
5.50000e-02	2.06250e-02	1.77221e-01
5.50000e-02	2.18750e-02	1.46697e-01
5.50000e-02	2.31250e-02	1.07506e-01
5.50000e-02	2.43750e-02	5.24741e-02
5.50000e-02	2.50000e-02	-1.33227e-16

5.62500e-02	0.00000e+00	0.00000e+00
5.62500e-02	6.25000e-04	5.26994e-02
5.62500e-02	1.87500e-03	1.07837e-01
5.62500e-02	3.12500e-03	1.47009e-01
5.62500e-02	4.37500e-03	1.77445e-01
5.62500e-02	5.62500e-03	2.03558e-01
5.62500e-02	6.87500e-03	2.26986e-01
5.62500e-02	8.12500e-03	2.48172e-01
5.62500e-02	9.37500e-03	2.66771e-01
5.62500e-02	1.06250e-02	2.81637e-01
5.62500e-02	1.18750e-02	2.90382e-01
5.62500e-02	1.31250e-02	2.90382e-01
5.62500e-02	1.43750e-02	2.81637e-01
5.62500e-02	1.56250e-02	2.66772e-01
5.62500e-02	1.68750e-02	2.48173e-01
5.62500e-02	1.81250e-02	2.26987e-01
5.62500e-02	1.93750e-02	2.03559e-01
5.62500e-02	2.06250e-02	1.77446e-01
5.62500e-02	2.18750e-02	1.47010e-01
5.62500e-02	2.31250e-02	1.07838e-01
5.62500e-02	2.43750e-02	5.26997e-02
5.62500e-02	2.50000e-02	-1.33227e-16

5.75000e-02	0.00000e+00	0.00000e+00
5.75000e-02	6.25000e-04	5.29188e-02
5.75000e-02	1.87500e-03	1.08161e-01
5.75000e-02	3.12500e-03	1.47316e-01
5.75000e-02	4.37500e-03	1.77670e-01
5.75000e-02	5.62500e-03	2.03656e-01
5.75000e-02	6.87500e-03	2.26934e-01
5.75000e-02	8.12500e-03	2.47975e-01
5.75000e-02	9.37500e-03	2.66469e-01
5.75000e-02	1.06250e-02	2.81304e-01
5.75000e-02	1.18750e-02	2.90094e-01
5.75000e-02	1.31250e-02	2.90094e-01
5.75000e-02	1.43750e-02	2.81305e-01
5.75000e-02	1.56250e-02	2.66469e-01
5.75000e-02	1.68750e-02	2.47976e-01
5.75000e-02	1.81250e-02	2.26934e-01
5.75000e-02	1.93750e-02	2.03657e-01
5.75000e-02	2.06250e-02	1.77671e-01
5.75000e-02	2.18750e-02	1.47317e-01
5.75000e-02	2.31250e-02	1.08161e-01
5.75000e-02	2.43750e-02	5.29191e-02
5.75000e-02	2.50000e-02	-1.33227e-16

5.87500e-02	0.00000e+00	0.00000e+00
5.87500e-02	6.25000e-04	5.31322e-02
5.87500e-02	1.87500e-03	1.08476e-01
5.87500e-02	3.12500e-03	1.47618e-01
5.87500e-02	4.37500e-03	1.77894e-01
5.87500e-02	5.62500e-03	2.03757e-01
5.87500e-02	6.87500e-03	2.26889e-01
5.87500e-02	8.12500e-03	2.47788e-01
5.87500e-02	9.37500e-03	2.66173e-01
5.87500e-02	1.06250e-02	2.80971e-01
5.87500e-02	1.18750e-02	2.89797e-01
5.87500e-02	1.31250e-02	2.89797e-01
5.87500e-02	1.43750e-02	2.80971e-01
5.87500e-02	1.56250e-02	2.66174e-01
5.87500e-02	1.68750e-02	2.47789e-01
5.87500e-02	1.81250e-02	2.26890e-01
5.87500e-02	1.93750e-02	2.03758e-01
5.87500e-02	2.06250e-02	1.77895e-01
5.87500e-02	2.18750e-02	1.47619e-01
5.87500e-02	2.31250e-02	1.08477e-01
5.87500e-02	2.43750e-02	5.31326e-02
5.87500e-02	2.50000e-02	-1.33227e-16

6.00000e-02	0.00000e+00	0.00000e+00
6.00000e-02	6.25000e-04	5.33400e-02
6.00000e-02	1.87500e-03	1.08785e-01
6.00000e-02	3.12500e-03	1.47915e-01
6.00000e-02	4.37500e-03	1.78116e-01
6.00000e-02	5.62500e-03	2.03862e-01
6.00000e-02	6.87500e-03	2.26852e-01
6.00000e-02	8.12500e-03	2.47610e-01
6.00000e-02	9.37500e-03	2.65885e-01
6.00000e-02	1.06250e-02	2.80637e-01
6.00000e-02	1.18750e-02	2.89493e-01
6.00000e-02	1.31250e-02	2.89493e-01
6.00000e-02	1.43750e-02	2.80638e-01
6.00000e-02	1.56250e-02	2.65886e-01
6.00000e-02	1.68750e-02	2.47611e-01
6.00000e-02	1.81250e-02	2.26853e-01
6.00000e-02	1.93750e-02	2.03863e-01
6.00000e-02	2.06250e-02	1.78117e-01
6.00000e-02	2.18750e-02	1.47916e-01
6.00000e-02	2.31250e-02	1.08785e-01
6.00000e-02	2.43750e-02	5.33404e-02
6.00000e-02	2.50000e-02	-1.33227e-16

6.12500e-02	0.00000e+00	0.00000e+00
6.12500e-02	6.25000e-04	5.35423e-02
6.12500e-02	1.87500e-03	1.09086e-01
6.12500e-02	3.12500e-03	1.48208e-01
6.12500e-02	4.37500e-03	1.78338e-01
6.12500e-02	5.62500e-03	2.03970e-01
6.12500e-02	6.87500e-03	2.26823e-01
6.12500e-02	8.12500e-03	2.47441e-01
6.12500e-02	9.37500e-03	2.65603e-01
6.12500e-02	1.06250e-02	2.80304e-01
6.12500e-02	1.18750e-02	2.89181e-01
6.12500e-02	1.31250e-02	2.89181e-01
6.12500e-02	1.43750e-02	2.80305e-01
6.12500e-02	1.56250e-02	2.65604e-01
6.12500e-02	1.68750e-02	2.47442e-01
6.12500e-02	1.81250e-02	2.26824e-01
6.12500e-02	1.93750e-02	2.03971e-01
6.12500e-02	2.06250e-02	1.78339e-01
6.12500e-02	2.18750e-02	1.48209e-01
6.12500e-02	2.31250e-02	1.09087e-01
6.12500e-02	2.43750e-02	5.35427e-02
6.12500e-02	2.50000e-02	-1.33227e-16

6.25000e-02	0.00000e+00	0.00000e+00
6.25000e-02	6.25000e-04	5.37393e-02
6.25000e-02	1.87500e-03	1.09380e-01
6.25000e-02	3.12500e-03	1.48495e-01
6.25000e-02	4.37500e-03	1.78558e-01
6.25000e-02	5.62500e-03	2.04081e-01
6.25000e-02	6.87500e-03	2.26800e-01
6.25000e-02	8.12500e-03	2.47281e-01
6.25000e-02	9.37500e-03	2.65329e-01
6.25000e-02	1.06250e-02	2.79971e-01
6.25000e-02	1.18750e-02	2.88861e-01
6.25000e-02	1.31250e-02	2.88861e-01
6.25000e-02	1.43750e-02	2.79972e-01
6.25000e-02	1.56250e-02	2.65330e-01
6.25000e-02	1.68750e-02	2.47282e-01
6.25000e-02	1.81250e-02	2.26801e-01
6.25000e-02	1.93750e-02	2.04082e-01
6.25000e-02	2.06250e-02	1.78559e-01
6.25000e-02	2.18750e-02	1.48496e-01
6.25000e-02	2.31250e-02	1.09381e-01
6.25000e-02	2.43750e-02	5.37397e-02
6.25000e-02	2.50000e-02	-1.33227e-16

6.37500e-02	0.00000e+00	0.00000e+00
6.37500e-02	6.25000e-04	5.39313e-02
6.37500e-02	1.87500e-03	1.09668e-01
6.37500e-02	3.12500e-03	1.48777e-01
6.37500e-02	4.37500e-03	1.78777e-01
6.37500e-02	5.62500e-03	2.04195e-01
6.37500e-02	6.87500e-03	2.26783e-01
6.37500e-02	8.12500e-03	2.47128e-01
6.37500e-02	9.37500e-03	2.65062e-01
6.37500e-02	1.06250e-02	2.79639e-01
6.37500e-02	1.18750e-02	2.88534e-01
6.37500e-02	1.31250e-02	2.88535e-01
6.37500e-02	1.43750e-02	2.79640e-01
6.37500e-02	1.56250e-02	2.65063e-01
6.37500e-02	1.68750e-02	2.47129e-01
6.37500e-02	1.81250e-02	2.26784e-01
6.37500e-02	1.93750e-02	2.04196e-01
6.37500e-02	2.06250e-02	1.78778e-01
6.37500e-02	2.18750e-02	1.48778e-01
6.37500e-02	2.31250e-02	1.09669e-01
6.37500e-02	2.43750e-02	5.39317e-02
6.37500e-02	2.50000e-02	-1.33227e-16

6.50000e-02	0.00000e+00	0.00000e+00
6.50000e-02	6.25000e-04	5.41183e-02
6.50000e-02	1.87500e-03	1.09949e-01
6.50000e-02	3.12500e-03	1.49055e-01
6.50000e-02	4.37500e-03	1.78995e-01
6.50000e-02	5.62500e-03	2.04311e-01
6.50000e-02	6.87500e-03	2.26772e-01
6.50000e-02	8.12500e-03	2.46984e-01
6.50000e-02	9.37500e-03	2.64801e-01
6.50000e-02	1.06250e-02	2.79308e-01
6.50000e-02	1.18750e-02	2.88201e-01
6.50000e-02	1.31250e-02	2.88201e-01
6.50000e-02	1.43750e-02	2.79309e-01
6.50000e-02	1.56250e-02	2.64802e-01
6.50000e-02	1.68750e-02	2.46985e-01
6.50000e-02	1.81250e-02	2.26774e-01
6.50000e-02	1.93750e-02	2.04313e-01
6.50000e-02	2.06250e-02	1.78996e-01
6.50000e-02	2.18750e-02	1.49056e-01
6.50000e-02	2.31250e-02	1.09950e-01
6.50000e-02	2.43750e-02	5.41188e-02
6.50000e-02	2.50000e-02	-1.33227e-16

6.62500e-02	0.00000e+00	0.00000e+00
6.62500e-02	6.25000e-04	5.43007e-02
6.62500e-02	1.87500e-03	1.10224e-01
6.62500e-02	3.12500e-03	1.49328e-01
6.62500e-02	4.37500e-03	1.79211e-01
6.62500e-02	5.62500e-03	2.04430e-01
6.62500e-02	6.87500e-03	2.26767e-01
6.62500e-02	8.12500e-03	2.46847e-01
6.62500e-02	9.37500e-03	2.64547e-01
6.62500e-02	1.06250e-02	2.78979e-01
6.62500e-02	1.18750e-02	2.87861e-01
6.62500e-02	1.31250e-02	2.87861e-01
6.62500e-02	1.43750e-02	2.78980e-01
6.62500e-02	1.56250e-02	2.64548e-01
6.62500e-02	1.68750e-02	2.46848e-01
6.62500e-02	1.81250e-02	2.26769e-01
6.62500e-02	1.93750e-02	2.04431e-01
6.62500e-02	2.06250e-02	1.79212e-01
6.62500e-02	2.18750e-02	1.49330e-01
6.62500e-02	2.31250e-02	1.10225e-01
6.62500e-02	2.43750e-02	5.43012e-02
6.62500e-02	2.50000e-02	-1.33227e-16

6.75000e-02	0.00000e+00	0.00000e+00
6.75000e-02	6.25000e-04	5.44784e-02
6.75000e-02	1.87500e-03	1.10493e-01
6.75000e-02	3.12500e-03	1.49597e-01
6.75000e-02	4.37500e-03	1.79425e-01
6.75000e-02	5.62500e-03	2.04550e-01
6.75000e-02	6.87500e-03	2.26767e-01
6.75000e-02	8.12500e-03	2.46717e-01
6.75000e-02	9.37500e-03	2.64300e-01
6.75000e-02	1.06250e-02	2.78651e-01
6.75000e-02	1.18750e-02	2.87515e-01
6.75000e-02	1.31250e-02	2.87515e-01
6.75000e-02	1.43750e-02	2.78652e-01
6.75000e-02	1.56250e-02	2.64301e-01
6.75000e-02	1.68750e-02	2.46719e-01
6.75000e-02	1.81250e-02	2.26769e-01
6.75000e-02	1.93750e-02	2.04552e-01
6.75000e-02	2.06250e-02	1.79426e-01
6.75000e-02	2.18750e-02	1.49598e-01
6.75000e-02	2.31250e-02	1.10494e-01
6.75000e-02	2.43750e-02	5.44790e-02
6.75000e-02	2.50000e-02	-1.33227e-16

6.87500e-02	0.00000e+00	0.00000e+00
6.87500e-02	6.25000e-04	5.46517e-02
6.87500e-02	1.87500e-03	1.10756e-01
6.87500e-02	3.12500e-03	1.49861e-01
6.87500e-02	4.37500e-03	1.79637e-01
6.87500e-02	5.62500e-03	2.04672e-01
6.87500e-02	6.87500e-03	2.26772e-01
6.87500e-02	8.12500e-03	2.46595e-01
6.87500e-02	9.37500e-03	2.64060e-01
6.87500e-02	1.06250e-02	2.78326e-01
6.87500e-02	1.18750e-02	2.87163e-01
6.87500e-02	1.31250e-02	2.87164e-01
6.87500e-02	1.43750e-02	2.78327e-01
6.87500e-02	1.56250e-02	2.64061e-01
6.87500e-02	1.68750e-02	2.46596e-01
6.87500e-02	1.81250e-02	2.26774e-01
6.87500e-02	1.93750e-02	2.04674e-01
6.87500e-02	2.06250e-02	1.79639e-01
6.87500e-02	2.18750e-02	1.49862e-01
6.87500e-02	2.31250e-02	1.10757e-01
6.87500e-02	2.43750e-02	5.46522e-02
6.87500e-02	2.50000e-02	-1.33227e-16

7.00000e-02	0.00000e+00	0.00000e+00
7.00000e-02	6.25000e-04	5.48204e-02
7.00000e-02	1.87500e-03	1.11013e-01
7.00000e-02	3.12500e-03	1.50120e-01
7.00000e-02	4.37500e-03	1.79848e-01
7.00000e-02	5.62500e-03	2.04795e-01
7.00000e-02	6.87500e-03	2.26782e-01
7.00000e-02	8.12500e-03	2.46479e-01
7.00000e-02	9.37500e-03	2.63826e-01
7.00000e-02	1.06250e-02	2.78004e-01
7.00000e-02	1.18750e-02	2.86807e-01
7.00000e-02	1.31250e-02	2.86807e-01
7.00000e-02	1.43750e-02	2.78005e-01
7.00000e-02	1.56250e-02	2.63827e-01
7.00000e-02	1.68750e-02	2.46481e-01
7.00000e-02	1.81250e-02	2.26784e-01
7.00000e-02	1.93750e-02	2.04797e-01
7.00000e-02	2.06250e-02	1.79849e-01
7.00000e-02	2.18750e-02	1.50121e-01
7.00000e-02	2.31250e-02	1.11014e-01
7.00000e-02	2.43750e-02	5.48210e-02
7.00000e-02	2.50000e-02	-1.33227e-16

7.12500e-02	0.00000e+00	0.00000e+00
7.12500e-02	6.25000e-04	5.49848e-02
7.12500e-02	1.87500e-03	1.11264e-01
7.12500e-02	3.12500e-03	1.50375e-01
7.12500e-02	4.37500e-03	1.80056e-01
7.12500e-02	5.62500e-03	2.04920e-01
7.12500e-02	6.87500e-03	2.26796e-01
7.12500e-02	8.12500e-03	2.46370e-01
7.12500e-02	9.37500e-03	2.63599e-01
7.12500e-02	1.06250e-02	2.77684e-01
7.12500e-02	1.18750e-02	2.86446e-01
7.12500e-02	1.31250e-02	2.86447e-01
7.12500e-02	1.43750e-02	2.77685e-01
7.12500e-02	1.56250e-02	2.63600e-01
7.12500e-02	1.68750e-02	2.46371e-01
7.12500e-02	1.81250e-02	2.26798e-01
7.12500e-02	1.93750e-02	2.04921e-01
7.12500e-02	2.06250e-02	1.80058e-01
7.12500e-02	2.18750e-02	1.50376e-01
7.12500e-02	2.31250e-02	1.11265e-01
7.12500e-02	2.43750e-02	5.49854e-02
7.12500e-02	2.50000e-02	-1.33227e-16

7.25000e-02	0.00000e+00	0.00000e+00
7.25000e-02	6.25000e-04	5.51447e-02
7.25000e-02	1.87500e-03	1.11509e-01
7.25000e-02	3.12500e-03	1.50625e-01
7.25000e-02	4.37500e-03	1.80262e-01
7.25000e-02	5.62500e-03	2.05045e-01
7.25000e-02	6.87500e-03	2.26814e-01
7.25000e-02	8.12500e-03	2.46267e-01
7.25000e-02	9.37500e-03	2.63378e-01
7.25000e-02	1.06250e-02	2.77368e-01
7.25000e-02	1.18750e-02	2.86082e-01
7.25000e-02	1.31250e-02	2.86083e-01
7.25000e-02	1.43750e-02	2.77369e-01
7.25000e-02	1.56250e-02	2.63379e-01
7.25000e-02	1.68750e-02	2.46268e-01
7.25000e-02	1.81250e-02	2.26816e-01
7.25000e-02	1.93750e-02	2.05047e-01
7.25000e-02	2.06250e-02	1.80264e-01
7.25000e-02	2.18750e-02	1.50626e-01
7.25000e-02	2.31250e-02	1.11510e-01
7.25000e-02	2.43750e-02	5.51453e-02
7.25000e-02	2.50000e-02	-1.33227e-16

7.37500e-02	0.00000e+00	0.00000e+00
7.37500e-02	6.25000e-04	5.53000e-02
7.37500e-02	1.87500e-03	1.11748e-01
7.37500e-02	3.12500e-03	1.50870e-01
7.37500e-02	4.37500e-03	1.80466e-01
7.37500e-02	5.62500e-03	2.05171e-01
7.37500e-02	6.87500e-03	2.26836e-01
7.37500e-02	8.12500e-03	2.46170e-01
7.37500e-02	9.37500e-03	2.63163e-01
7.37500e-02	1.06250e-02	2.77055e-01
7.37500e-02	1.18750e-02	2.85715e-01
7.37500e-02	1.31250e-02	2.85716e-01
7.37500e-02	1.43750e-02	2.77056e-01
7.37500e-02	1.56250e-02	2.63165e-01
7.37500e-02	1.68750e-02	2.46172e-01
7.37500e-02	1.81250e-02	2.26838e-01
7.37500e-02	1.93750e-02	2.05173e-01
7.37500e-02	2.06250e-02	1.80467e-01
7.37500e-02	2.18750e-02	1.50871e-01
7.37500e-02	2.31250e-02	1.11749e-01
7.37500e-02	2.43750e-02	5.53007e-02
7.37500e-02	2.50000e-02	-1.33227e-16

7.50000e-02	0.00000e+00	0.00000e+00
7.50000e-02	6.25000e-04	5.54507e-02
7.50000e-02	1.87500e-03	1.11980e-01
7.50000e-02	3.12500e-03	1.51110e-01
7.50000e-02	4.37500e-03	1.80666e-01
7.50000e-02	5.62500e-03	2.05297e-01
7.50000e-02	6.87500e-03	2.26861e-01
7.50000e-02	8.12500e-03	2.46079e-01
7.50000e-02	9.37500e-03	2.62956e-01
7.50000e-02	1.06250e-02	2.76747e-01
7.50000e-02	1.18750e-02	2.85346e-01
7.50000e-02	1.31250e-02	2.85347e-01
7.50000e-02	1.43750e-02	2.76748e-01
7.50000e-02	1.56250e-02	2.62957e-01
7.50000e-02	1.68750e-02	2.46081e-01
7.50000e-02	1.81250e-02	2.26863e-01
7.50000e-02	1.93750e-02	2.05299e-01
7.50000e-02	2.06250e-02	1.80668e-01
7.50000e-02	2.18750e-02	1.51111e-01
7.50000e-02	2.31250e-02	1.11982e-01
7.50000e-02	2.43750e-02	5.54514e-02
7.50000e-02	2.50000e-02	-1.33227e-16

7.62500e-02	0.00000e+00	0.00000e+00
7.62500e-02	6.25000e-04	5.55962e-02
7.62500e-02	1.87500e-03	1.12206e-01
7.62500e-02	3.12500e-03	1.51344e-01
7.62500e-02	4.37500e-03	1.80864e-01
7.62500e-02	5.62500e-03	2.05424e-01
7.62500e-02	6.87500e-03	2.26890e-01
7.62500e-02	8.12500e-03	2.45994e-01
7.62500e-02	9.37500e-03	2.62755e-01
7.62500e-02	1.06250e-02	2.76443e-01
7.62500e-02	1.18750e-02	2.84977e-01
7.62500e-02	1.31250e-02	2.84977e-01
7.62500e-02	1.43750e-02	2.76444e-01
7.62500e-02	1.56250e-02	2.62756e-01
7.62500e-02	1.68750e-02	2.45996e-01
7.62500e-02	1.81250e-02	2.26892e-01
7.62500e-02	1.93750e-02	2.05426e-01
7.62500e-02	2.06250e-02	1.80866e-01
7.62500e-02	2.18750e-02	1.51346e-01
7.62500e-02	2.31250e-02	1.12207e-01
7.62500e-02	2.43750e-02	5.55970e-02
7.62500e-02	2.50000e-02	-1.33227e-16

7.75000e-02	0.00000e+00	0.00000e+00
7.75000e-02	6.25000e-04	5.57362e-02
7.75000e-02	1.87500e-03	1.12425e-01
7.75000e-02	3.12500e-03	1.51572e-01
7.75000e-02	4.37500e-03	1.81059e-01
7.75000e-02	5.62500e-03	2.05550e-01
7.75000e-02	6.87500e-03	2.26922e-01
7.75000e-02	8.12500e-03	2.45915e-01
7.75000e-02	9.37500e-03	2.62561e-01
7.75000e-02	1.06250e-02	2.76145e-01
7.75000e-02	1.18750e-02	2.84608e-01
7.75000e-02	1.31250e-02	2.84609e-01
7.75000e-02	1.43750e-02	2.76146e-01
7.75000e-02	1.56250e-02	2.62563e-01
7.75000e-02	1.68750e-02	2.45917e-01
7.75000e-02	1.81250e-02	2.26924e-01
7.75000e-02	1.93750e-02	2.05552e-01
7.75000e-02	2.06250e-02	1.81061e-01
7.75000e-02	2.18750e-02	1.51574e-01
7.75000e-02	2.31250e-02	1.12426e-01
7.75000e-02	2.43750e-02	5.57370e-02
7.75000e-02	2.50000e-02	-1.33227e-16

7.87500e-02	0.00000e+00	0.00000e+00
7.87500e-02	6.25000e-04	5.58700e-02
7.87500e-02	1.87500e-03	1.12635e-01
7.87500e-02	3.12500e-03	1.51794e-01
7.87500e-02	4.37500e-03	1.81249e-01
7.87500e-02	5.62500e-03	2.05675e-01
7.87500e-02	6.87500e-03	2.26957e-01
7.87500e-02	8.12500e-03	2.45842e-01
7.87500e-02	9.37500e-03	2.62375e-01
7.87500e-02	1.06250e-02	2.75853e-01
7.87500e-02	1.18750e-02	2.84241e-01
7.87500e-02	1.31250e-02	2.84242e-01
7.87500e-02	1.43750e-02	2.75855e-01
7.87500e-02	1.56250e-02	2.62377e-01
7.87500e-02	1.68750e-02	2.45844e-01
7.87500e-02	1.81250e-02	2.26959e-01
7.87500e-02	1.93750e-02	2.05678e-01
7.87500e-02	2.06250e-02	1.81251e-01
7.87500e-02	2.18750e-02	1.51796e-01
7.87500e-02	2.31250e-02	1.12637e-01
7.87500e-02	2.43750e-02	5.58708e-02
7.87500e-02	2.50000e-02	-1.33227e-16

8.00000e-02	0.00000e+00	0.00000e+00
8.00000e-02	6.25000e-04	5.59965e-02
8.00000e-02	1.87500e-03	1.12836e-01
8.00000e-02	3.12500e-03	1.52007e-01
8.00000e-02	4.37500e-03	1.81434e-01
8.00000e-02	5.62500e-03	2.05800e-01
8.00000e-02	6.87500e-03	2.26995e-01
8.00000e-02	8.12500e-03	2.45776e-01
8.00000e-02	9.37500e-03	2.62197e-01
8.00000e-02	1.06250e-02	2.75570e-01
8.00000e-02	1.18750e-02	2.83879e-01
8.00000e-02	1.31250e-02	2.83880e-01
8.00000e-02	1.43750e-02	2.75571e-01
8.00000e-02	1.56250e-02	2.62199e-01
8.00000e-02	1.68750e-02	2.45778e-01
8.00000e-02	1.81250e-02	2.26997e-01
8.00000e-02	1.93750e-02	2.05803e-01
8.00000e-02	2.06250e-02	1.81437e-01
8.00000e-02	2.18750e-02	1.52009e-01
8.00000e-02	2.31250e-02	1.12838e-01
8.00000e-02	2.43750e-02	5.59974e-02
8.00000e-02	2.50000e-02	-1.33227e-16

8.12500e-02	0.00000e+00	0.00000e+00
8.12500e-02	6.25000e-04	5.61144e-02
8.12500e-02	1.87500e-03	1.13026e-01
8.12500e-02	3.12500e-03	1.52212e-01
8.12500e-02	4.37500e-03	1.81614e-01
8.12500e-02	5.62500e-03	2.05923e-01
8.12500e-02	6.87500e-03	2.27036e-01
8.12500e-02	8.12500e-03	2.45717e-01
8.12500e-02	9.37500e-03	2.62029e-01
8.12500e-02	1.06250e-02	2.75296e-01
8.12500e-02	1.18750e-02	2.83523e-01
8.12500e-02	1.31250e-02	2.83524e-01
8.12500e-02	1.43750e-02	2.75298e-01
8.12500e-02	1.56250e-02	2.62031e-01
8.12500e-02	1.68750e-02	2.45719e-01
8.12500e-02	1.81250e-02	2.27038e-01
8.12500e-02	1.93750e-02	2.05926e-01
8.12500e-02	2.06250e-02	1.81617e-01
8.12500e-02	2.18750e-02	1.52214e-01
8.12500e-02	2.31250e-02	1.13028e-01
8.12500e-02	2.43750e-02	5.61153e-02
8.12500e-02	2.50000e-02	-1.33227e-16

8.25000e-02	0.00000e+00	0.00000e+00
8.25000e-02	6.25000e-04	5.62216e-02
8.25000e-02	1.87500e-03	1.13203e-01
8.25000e-02	3.12500e-03	1.52405e-01
8.25000e-02	4.37500e-03	1.81787e-01
8.25000e-02	5.62500e-03	2.06045e-01
8.25000e-02	6.87500e-03	2.27080e-01
8.25000e-02	8.12500e-03	2.45665e-01
8.25000e-02	9.37500e-03	2.61872e-01
8.25000e-02	1.06250e-02	2.75034e-01
8.25000e-02	1.18750e-02	2.83177e-01
8.25000e-02	1.31250e-02	2.83178e-01
8.25000e-02	1.43750e-02	2.75036e-01
8.25000e-02	1.56250e-02	2.61875e-01
8.25000e-02	1.68750e-02	2.45668e-01
8.25000e-02	1.81250e-02	2.27083e-01
8.25000e-02	1.93750e-02	2.06047e-01
8.25000e-02	2.06250e-02	1.81789e-01
8.25000e-02	2.18750e-02	1.52407e-01
8.25000e-02	2.31250e-02	1.13205e-01
8.25000e-02	2.43750e-02	5.62225e-02
8.25000e-02	2.50000e-02	-1.33227e-16

8.37500e-02	0.00000e+00	0.00000e+00
8.37500e-02	6.25000e-04	5.63153e-02
8.37500e-02	1.87500e-03	1.13363e-01
8.37500e-02	3.12500e-03	1.52584e-01
8.37500e-02	4.37500e-03	1.81951e-01
8.37500e-02	5.62500e-03	2.06163e-01
8.37500e-02	6.87500e-03	2.27128e-01
8.37500e-02	8.12500e-03	2.45624e-01
8.37500e-02	9.37500e-03	2.61729e-01
8.37500e-02	1.06250e-02	2.74787e-01
8.37500e-02	1.18750e-02	2.82844e-01
8.37500e-02	1.31250e-02	2.82845e-01
8.37500e-02	1.43750e-02	2.74789e-01
8.37500e-02	1.56250e-02	2.61732e-01
8.37500e-02	1.68750e-02	2.45626e-01
8.37500e-02	1.81250e-02	2.27131e-01
8.37500e-02	1.93750e-02	2.06166e-01
8.37500e-02	2.06250e-02	1.81953e-01
8.37500e-02	2.18750e-02	1.52586e-01
8.37500e-02	2.31250e-02	1.13365e-01
8.37500e-02	2.43750e-02	5.63163e-02
8.37500e-02	2.50000e-02	-1.33227e-16

8.50000e-02	0.00000e+00	0.00000e+00
8.50000e-02	6.25000e-04	5.63915e-02
8.50000e-02	1.87500e-03	1.13501e-01
8.50000e-02	3.12500e-03	1.52745e-01
8.50000e-02	4.37500e-03	1.82103e-01
8.50000e-02	5.62500e-03	2.06279e-01
8.50000e-02	6.87500e-03	2.27181e-01
8.50000e-02	8.12500e-03	2.45594e-01
8.50000e-02	9.37500e-03	2.61603e-01
8.50000e-02	1.06250e-02	2.74560e-01
8.50000e-02	1.18750e-02	2.82530e-01
8.50000e-02	1.31250e-02	2.82531e-01
8.50000e-02	1.43750e-02	2.74562e-01
8.50000e-02	1.56250e-02	2.61606e-01
8.50000e-02	1.68750e-02	2.45597e-01
8.50000e-02	1.81250e-02	2.27184e-01
8.50000e-02	1.93750e-02	2.06282e-01
8.50000e-02	2.06250e-02	1.82106e-01
8.50000e-02	2.18750e-02	1.52748e-01
8.50000e-02	2.31250e-02	1.13503e-01
8.50000e-02	2.43750e-02	5.63925e-02
8.50000e-02	2.50000e-02	-1.33227e-16

8.62500e-02	0.00000e+00	0.00000e+00
8.62500e-02	6.25000e-04	5.64445e-02
8.62500e-02	1.87500e-03	1.13612e-01
8.62500e-02	3.12500e-03	1.52884e-01
8.62500e-02	4.37500e-03	1.82242e-01
8.62500e-02	5.62500e-03	2.06390e-01
8.62500e-02	6.87500e-03	2.27240e-01
8.62500e-02	8.12500e-03	2.45578e-01
8.62500e-02	9.37500e-03	2.61499e-01
8.62500e-02	1.06250e-02	2.74358e-01
8.62500e-02	1.18750e-02	2.82242e-01
8.62500e-02	1.31250e-02	2.82243e-01
8.62500e-02	1.43750e-02	2.74360e-01
8.62500e-02	1.56250e-02	2.61501e-01
8.62500e-02	1.68750e-02	2.45581e-01
8.62500e-02	1.81250e-02	2.27243e-01
8.62500e-02	1.93750e-02	2.06393e-01
8.62500e-02	2.06250e-02	1.82245e-01
8.62500e-02	2.18750e-02	1.52886e-01
8.62500e-02	2.31250e-02	1.13613e-01
8.62500e-02	2.43750e-02	5.64455e-02
8.62500e-02	2.50000e-02	-1.33227e-16

8.75000e-02	0.00000e+00	0.00000e+00
8.75000e-02	6.25000e-04	5.64662e-02
8.75000e-02	1.87500e-03	1.13685e-01
8.75000e-02	3.12500e-03	1.52992e-01
8.75000e-02	4.37500e-03	1.82363e-01
8.75000e-02	5.62500e-03	2.06497e-01
8.75000e-02	6.87500e-03	2.27306e-01
8.75000e-02	8.12500e-03	2.45582e-01
8.75000e-02	9.37500e-03	2.61421e-01
8.75000e-02	1.06250e-02	2.74188e-01
8.75000e-02	1.18750e-02	2.81987e-01
8.75000e-02	1.31250e-02	2.81988e-01
8.75000e-02	1.43750e-02	2.74190e-01
8.75000e-02	1.56250e-02	2.61424e-01
8.75000e-02	1.68750e-02	2.45585e-01
8.75000e-02	1.81250e-02	2.27310e-01
8.75000e-02	1.93750e-02	2.06500e-01
8.75000e-02	2.06250e-02	1.82366e-01
8.75000e-02	2.18750e-02	1.52995e-01
8.75000e-02	2.31250e-02	1.13686e-01
8.75000e-02	2.43750e-02	5.64672e-02
8.75000e-02	2.50000e-02	-1.33227e-16

8.87500e-02	0.00000e+00	0.00000e+00
8.87500e-02	6.25000e-04	5.64446e-02
8.87500e-02	1.87500e-03	1.13707e-01
8.87500e-02	3.12500e-03	1.53062e-01
8.87500e-02	4.37500e-03	1.82462e-01
8.87500e-02	5.62500e-03	2.06600e-01
8.87500e-02	6.87500e-03	2.27385e-01
8.87500e-02	8.12500e-03	2.45611e-01
8.87500e-02	9.37500e-03	2.61380e-01
8.87500e-02	1.06250e-02	2.74060e-01
8.87500e-02	1.18750e-02	2.81777e-01
8.87500e-02	1.31250e-02	2.81778e-01
8.87500e-02	1.43750e-02	2.74062e-01
8.87500e-02	1.56250e-02	2.61383e-01
8.87500e-02	1.68750e-02	2.45614e-01
8.87500e-02	1.81250e-02	2.27389e-01
8.87500e-02	1.93750e-02	2.06603e-01
8.87500e-02	2.06250e-02	1.82465e-01
8.87500e-02	2.18750e-02	1.53064e-01
8.87500e-02	2.31250e-02	1.13709e-01
8.87500e-02	2.43750e-02	5.64456e-02
8.87500e-02	2.50000e-02	-1.33227e-16

9.00000e-02	0.00000e+00	0.00000e+00
9.00000e-02	6.25000e-04	5.63618e-02
9.00000e-02	1.87500e-03	1.13659e-01
9.00000e-02	3.12500e-03	1.53079e-01
9.00000e-02	4.37500e-03	1.82534e-01
9.00000e-02	5.62500e-03	2.06700e-01
9.00000e-02	6.87500e-03	2.27483e-01
9.00000e-02	8.12500e-03	2.45675e-01
9.00000e-02	9.37500e-03	2.61385e-01
9.00000e-02	1.06250e-02	2.73986e-01
9.00000e-02	1.18750e-02	2.81624e-01
9.00000e-02	1.31250e-02	2.81625e-01
9.00000e-02	1.43750e-02	2.73988e-01
9.00000e-02	1.56250e-02	2.61388e-01
9.00000e-02	1.68750e-02	2.45679e-01
9.00000e-02	1.81250e-02	2.27486e-01
9.00000e-02	1.93750e-02	2.06703e-01
9.00000e-02	2.06250e-02	1.82538e-01
9.00000e-02	2.18750e-02	1.53082e-01
9.00000e-02	2.31250e-02	1.13661e-01
9.00000e-02	2.43750e-02	5.63629e-02
9.00000e-02	2.50000e-02	-1.33227e-16

9.12500e-02	0.00000e+00	0.00000e+00
9.12500e-02	6.25000e-04	5.61900e-02
9.12500e-02	1.87500e-03	1.13513e-01
9.12500e-02	3.12500e-03	1.53028e-01
9.12500e-02	4.37500e-03	1.82576e-01
9.12500e-02	5.62500e-03	2.06804e-01
9.12500e-02	6.87500e-03	2.27610e-01
9.12500e-02	8.12500e-03	2.45788e-01
9.12500e-02	9.37500e-03	2.61452e-01
9.12500e-02	1.06250e-02	2.73982e-01
9.12500e-02	1.18750e-02	2.81544e-01
9.12500e-02	1.31250e-02	2.81545e-01
9.12500e-02	1.43750e-02	2.73984e-01
9.12500e-02	1.56250e-02	2.61455e-01
9.12500e-02	1.68750e-02	2.45792e-01
9.12500e-02	1.81250e-02	2.27613e-01
9.12500e-02	1.93750e-02	2.06807e-01
9.12500e-02	2.06250e-02	1.82580e-01
9.12500e-02	2.18750e-02	1.53031e-01
9.12500e-02	2.31250e-02	1.13515e-01
9.12500e-02	2.43750e-02	5.61911e-02
9.12500e-02	2.50000e-02	-1.33227e-16

9.25000e-02	0.00000e+00	0.00000e+00
9.25000e-02	6.25000e-04	5.58838e-02
9.25000e-02	1.87500e-03	1.13227e-01
9.25000e-02	3.12500e-03	1.52889e-01
9.25000e-02	4.37500e-03	1.82589e-01
9.25000e-02	5.62500e-03	2.06924e-01
9.25000e-02	6.87500e-03	2.27784e-01
9.25000e-02	8.12500e-03	2.45968e-01
9.25000e-02	9.37500e-03	2.61599e-01
9.25000e-02	1.06250e-02	2.74065e-01
9.25000e-02	1.18750e-02	2.81557e-01
9.25000e-02	1.31250e-02	2.81558e-01
9.25000e-02	1.43750e-02	2.74068e-01
9.25000e-02	1.56250e-02	2.61602e-01
9.25000e-02	1.68750e-02	2.45972e-01
9.25000e-02	1.81250e-02	2.27788e-01
9.25000e-02	1.93750e-02	2.06928e-01
9.25000e-02	2.06250e-02	1.82593e-01
9.25000e-02	2.18750e-02	1.52892e-01
9.25000e-02	2.31250e-02	1.13229e-01
9.25000e-02	2.43750e-02	5.58849e-02
9.25000e-02	2.50000e-02	-1.33227e-16

9.37500e-02	0.00000e+00	0.00000e+00
9.37500e-02	6.25000e-04	5.53640e-02
9.37500e-02	1.87500e-03	1.12737e-01
9.37500e-02	3.12500e-03	1.52646e-01
9.37500e-02	4.37500e-03	1.82587e-01
9.37500e-02	5.62500e-03	2.07087e-01
9.37500e-02	6.87500e-03	2.28034e-01
9.37500e-02	8.12500e-03	2.46242e-01
9.37500e-02	9.37500e-03	2.61849e-01
9.37500e-02	1.06250e-02	2.74258e-01
9.37500e-02	1.18750e-02	2.81681e-01
9.37500e-02	1.31250e-02	2.81682e-01
9.37500e-02	1.43750e-02	2.74260e-01
9.37500e-02	1.56250e-02	2.61853e-01
9.37500e-02	1.68750e-02	2.46246e-01
9.37500e-02	1.81250e-02	2.28038e-01
9.37500e-02	1.93750e-02	2.07091e-01
9.37500e-02	2.06250e-02	1.82590e-01
9.37500e-02	2.18750e-02	1.52649e-01
9.37500e-02	2.31250e-02	1.12740e-01
9.37500e-02	2.43750e-02	5.53650e-02
9.37500e-02	2.50000e-02	-1.33227e-16

9.50000e-02	0.00000e+00	0.00000e+00
9.50000e-02	6.25000e-04	5.44790e-02
9.50000e-02	1.87500e-03	1.11954e-01
9.50000e-02	3.12500e-03	1.52300e-01
9.50000e-02	4.37500e-03	1.82614e-01
9.50000e-02	5.62500e-03	2.07344e-01
9.50000e-02	6.87500e-03	2.28403e-01
9.50000e-02	8.12500e-03	2.46642e-01
9.50000e-02	9.37500e-03	2.62229e-01
9.50000e-02	1.06250e-02	2.74581e-01
9.50000e-02	1.18750e-02	2.81940e-01
9.50000e-02	1.31250e-02	2.81941e-01
9.50000e-02	1.43750e-02	2.74584e-01
9.50000e-02	1.56250e-02	2.62232e-01
9.50000e-02	1.68750e-02	2.46646e-01
9.50000e-02	1.81250e-02	2.28407e-01
9.50000e-02	1.93750e-02	2.07348e-01
9.50000e-02	2.06250e-02	1.82617e-01
9.50000e-02	2.18750e-02	1.52303e-01
9.50000e-02	2.31250e-02	1.11957e-01
9.50000e-02	2.43750e-02	5.44801e-02
9.50000e-02	2.50000e-02	-1.33227e-16

9.62500e-02	0.00000e+00	0.00000e+00
9.62500e-02	6.25000e-04	5.29017e-02
9.62500e-02	1.87500e-03	1.10776e-01
9.62500e-02	3.12500e-03	1.51926e-01
9.62500e-02	4.37500e-03	1.82780e-01
9.62500e-02	5.62500e-03	2.07782e-01
9.62500e-02	6.87500e-03	2.28947e-01
9.62500e-02	8.12500e-03	2.47204e-01
9.62500e-02	9.37500e-03	2.62761e-01
9.62500e-02	1.06250e-02	2.75057e-01
9.62500e-02	1.18750e-02	2.82352e-01
9.62500e-02	1.31250e-02	2.82353e-01
9.62500e-02	1.43750e-02	2.75060e-01
9.62500e-02	1.56250e-02	2.62765e-01
9.62500e-02	1.68750e-02	2.47208e-01
9.62500e-02	1.81250e-02	2.28951e-01
9.62500e-02	1.93750e-02	2.07786e-01
9.62500e-02	2.06250e-02	1.82784e-01
9.62500e-02	2.18750e-02	1.51929e-01
9.62500e-02	2.31250e-02	1.10778e-01
9.62500e-02	2.43750e-02	5.29028e-02
9.62500e-02	2.50000e-02	-1.33227e-16

9.75000e-02	0.00000e+00	0.00000e+00
9.75000e-02	6.25000e-04	4.98856e-02
9.75000e-02	1.87500e-03	1.09231e-01
9.75000e-02	3.12500e-03	1.51792e-01
9.75000e-02	4.37500e-03	1.83293e-01
9.75000e-02	5.62500e-03	2.08514e-01
9.75000e-02	6.87500e-03	2.29720e-01
9.75000e-02	8.12500e-03	2.47952e-01
9.75000e-02	9.37500e-03	2.63462e-01
9.75000e-02	1.06250e-02	2.75699e-01
9.75000e-02	1.18750e-02	2.82936e-01
9.75000e-02	1.31250e-02	2.82937e-01
9.75000e-02	1.43750e-02	2.75702e-01
9.75000e-02	1.56250e-02	2.63466e-01
9.75000e-02	1.68750e-02	2.47956e-01
9.75000e-02	1.81250e-02	2.29724e-01
9.75000e-02	1.93750e-02	2.08518e-01
9.75000e-02	2.06250e-02	1.83297e-01
9.75000e-02	2.18750e-02	1.51795e-01
9.75000e-02	2.31250e-02	1.09234e-01
9.75000e-02	2.43750e-02	4.98867e-02
9.75000e-02	2.50000e-02	-1.33227e-16

9.87500e-02	0.00000e+00	0.00000e+00
9.87500e-02	6.25000e-04	4.33151e-02
9.87500e-02	1.87500e-03	1.08233e-01
9.87500e-02	3.12500e-03	1.52650e-01
9.87500e-02	4.37500e-03	1.84487e-01
9.87500e-02	5.62500e-03	2.09646e-01
9.87500e-02	6.87500e-03	2.30735e-01
9.87500e-02	8.12500e-03	2.48874e-01
9.87500e-02	9.37500e-03	2.64321e-01
9.87500e-02	1.06250e-02	2.76512e-01
9.87500e-02	1.18750e-02	2.83710e-01
9.87500e-02	1.31250e-02	2.83711e-01
9.87500e-02	1.43750e-02	2.76514e-01
9.87500e-02	1.56250e-02	2.64325e-01
9.87500e-02	1.68750e-02	2.48878e-01
9.87500e-02	1.81250e-02	2.30740e-01
9.87500e-02	1.93750e-02	2.09650e-01
9.87500e-02	2.06250e-02	1.84491e-01
9.87500e-02	2.18750e-02	1.52654e-01
9.87500e-02	2.31250e-02	1.08235e-01
9.87500e-02	2.43750e-02	4.33161e-02
9.87500e-02	2.50000e-02	-1.33227e-16

1.00000e-01	0.00000e+00	0.00000e+00
1.00000e-01	6.25000e-04	4.33151e-02
1.00000e-01	1.87500e-03	1.08233e-01
1.00000e-01	3.12500e-03	1.52650e-01
1.00000e-01	4.37500e-03	1.84487e-01
1.00000e-01	5.62500e-03	2.09646e-01
1.00000e-01	6.87500e-03	2.30735e-01
1.00000e-01	8.12500e-03	2.48874e-01
1.00000e-01	9.37500e-03	2.64321e-01
1.00000e-01	1.06250e-02	2.76512e-01
1.00000e-01	1.18750e-02	2.83710e-01
1.00000e-01	1.31250e-02	2.83711e-01
1.00000e-01	1.43750e-02	2.76514e-01
1.00000e-01	1.56250e-02	2.64325e-01
1.00000e-01	1.68750e-02	2.48878e-01
1.00000e-01	1.81250e-02	2.30740e-01
1.00000e-01	1.93750e-02	2.09650e-01
1.00000e-01	2.06250e-02	1.84491e-01
1.00000e-01	2.18750e-02	1.52654e-01
1.00000e-01	2.31250e-02	1.08235e-01
1.00000e-01	2.43750e-02	4.33161e-02
1.00000e-01	2.50000e-02	-1.33227e-16

