0.00000e+00	0.00000e+00	0.00000e+00
0.00000e+00	1.25000e-03	0.00000e+00
0.00000e+00	2.50000e-03	0.00000e+00
0.00000e+00	3.75000e-03	0.00000e+00
0.00000e+00	5.00000e-03	0.00000e+00
0.00000e+00	6.25000e-03	0.00000e+00
0.00000e+00	7.50000e-03	0.00000e+00
0.00000e+00	8.75000e-03	0.00000e+00
0.00000e+00	1.00000e-02	0.00000e+00
0.00000e+00	1.12500e-02	0.00000e+00
0.00000e+00	1.25000e-02	0.00000e+00
0.00000e+00	1.37500e-02	0.00000e+00
0.00000e+00	1.50000e-02	0.00000e+00
0.00000e+00	1.62500e-02	0.00000e+00
0.00000e+00	1.75000e-02	0.00000e+00
0.00000e+00	1.87500e-02	0.00000e+00
0.00000e+00	2.00000e-02	0.00000e+00
0.00000e+00	2.12500e-02	0.00000e+00
0.00000e+00	2.25000e-02	0.00000e+00
0.00000e+00	2.37500e-02	0.00000e+00
0.00000e+00	2.50000e-02	0.00000e+00

6.25000e-04	0.00000e+00	0.00000e+00
6.25000e-04	1.25000e-03	-1.14559e-03
6.25000e-04	2.50000e-03	-7.70630e-04
6.25000e-04	3.75000e-03	-7.00395e-04
6.25000e-04	5.00000e-03	-5.23636e-04
6.25000e-04	6.25000e-03	-3.64256e-04
6.25000e-04	7.50000e-03	-2.45205e-04
6.25000e-04	8.75000e-03	-1.59878e-04
6.25000e-04	1.00000e-02	-9.64820e-05
6.25000e-04	1.12500e-02	-4.54840e-05
6.25000e-04	1.25000e-02	1.06097e-09
6.25000e-04	1.37500e-02	4.54861e-05
6.25000e-04	1.50000e-02	9.64840e-05
6.25000e-04	1.62500e-02	1.59879e-04
6.25000e-04	1.75000e-02	2.45207e-04
6.25000e-04	1.87500e-02	3.64257e-04
6.25000e-04	2.00000e-02	5.23637e-04
6.25000e-04	2.12500e-02	7.00395e-04
6.25000e-04	2.25000e-02	7.70630e-04
6.25000e-04	2.37500e-02	1.14559e-03
6.25000e-04	2.50000e-02	0.00000e+00

1.87500e-03	0.00000e+00	0.00000e+00
1.87500e-03	1.25000e-03	-1.12346e-03
1.87500e-03	2.50000e-03	-1.09188e-03
1.87500e-03	3.75000e-03	-1.11452e-03
1.87500e-03	5.00000e-03	-9.09996e-04
1.87500e-03	6.25000e-03	-6.66509e-04
1.87500e-03	7.50000e-03	-4.61442e-04
1.87500e-03	8.75000e-03	-3.05225e-04
1.87500e-03	1.00000e-02	-1.85539e-04
1.87500e-03	1.12500e-02	-8.77722e-05
1.87500e-03	1.25000e-02	2.16331e-09
1.87500e-03	1.37500e-02	8.77765e-05
1.87500e-03	1.50000e-02	1.85543e-04
1.87500e-03	1.62500e-02	3.05229e-04
1.87500e-03	1.75000e-02	4.61445e-04
1.87500e-03	1.87500e-02	6.66512e-04
1.87500e-03	2.00000e-02	9.09998e-04
1.87500e-03	2.12500e-02	1.11453e-03
1.87500e-03	2.25000e-02	1.09188e-03
1.87500e-03	2.37500e-02	1.12346e-03
1.87500e-03	2.50000e-02	0.00000e+00

3.12500e-03	0.00000e+00	0.00000e+00
3.12500e-03	1.25000e-03	-9.71812e-04
3.12500e-03	2.50000e-03	-1.26670e-03
3.12500e-03	3.75000e-03	-1.38021e-03
3.12500e-03	5.00000e-03	-1.18956e-03
3.12500e-03	6.25000e-03	-9.03575e-04
3.12500e-03	7.50000e-03	-6.39412e-04
3.12500e-03	8.75000e-03	-4.28091e-04
3.12500e-03	1.00000e-02	-2.61929e-04
3.12500e-03	1.12500e-02	-1.24321e-04
3.12500e-03	1.25000e-02	3.31304e-09
3.12500e-03	1.37500e-02	1.24328e-04
3.12500e-03	1.50000e-02	2.61935e-04
3.12500e-03	1.62500e-02	4.28097e-04
3.12500e-03	1.75000e-02	6.39417e-04
3.12500e-03	1.87500e-02	9.03579e-04
3.12500e-03	2.00000e-02	1.18956e-03
3.12500e-03	2.12500e-02	1.38022e-03
3.12500e-03	2.25000e-02	1.26670e-03
3.12500e-03	2.37500e-02	9.71812e-04
3.12500e-03	2.50000e-02	0.00000e+00

4.37500e-03	0.00000e+00	0.00000e+00
4.37500e-03	1.25000e-03	-8.42732e-04
4.37500e-03	2.50000e-03	-1.36770e-03
4.37500e-03	3.75000e-03	-1.55772e-03
4.37500e-03	5.00000e-03	-1.39292e-03
4.37500e-03	6.25000e-03	-1.08572e-03
4.37500e-03	7.50000e-03	-7.80393e-04
4.37500e-03	8.75000e-03	-5.26879e-04
4.37500e-03	1.00000e-02	-3.23798e-04
4.37500e-03	1.12500e-02	-1.54035e-04
4.37500e-03	1.25000e-02	4.51865e-09
4.37500e-03	1.37500e-02	1.54044e-04
4.37500e-03	1.50000e-02	3.23806e-04
4.37500e-03	1.62500e-02	5.26887e-04
4.37500e-03	1.75000e-02	7.80400e-04
4.37500e-03	1.87500e-02	1.08573e-03
4.37500e-03	2.00000e-02	1.39292e-03
4.37500e-03	2.12500e-02	1.55773e-03
4.37500e-03	2.25000e-02	1.36770e-03
4.37500e-03	2.37500e-02	8.42732e-04
4.37500e-03	2.50000e-02	0.00000e+00

5.62500e-03	0.00000e+00	0.00000e+00
5.62500e-03	1.25000e-03	-7.63896e-04
5.62500e-03	2.50000e-03	-1.43320e-03
5.62500e-03	3.75000e-03	-1.68095e-03
5.62500e-03	5.00000e-03	-1.54298e-03
5.62500e-03	6.25000e-03	-1.22521e-03
5.62500e-03	7.50000e-03	-8.89898e-04
5.62500e-03	8.75000e-03	-6.03604e-04
5.62500e-03	1.00000e-02	-3.71631e-04
5.62500e-03	1.12500e-02	-1.76932e-04
5.62500e-03	1.25000e-02	5.78795e-09
5.62500e-03	1.37500e-02	1.76944e-04
5.62500e-03	1.50000e-02	3.71642e-04
5.62500e-03	1.62500e-02	6.03614e-04
5.62500e-03	1.75000e-02	8.89907e-04
5.62500e-03	1.87500e-02	1.22522e-03
5.62500e-03	2.00000e-02	1.54298e-03
5.62500e-03	2.12500e-02	1.68095e-03
5.62500e-03	2.25000e-02	1.43321e-03
5.62500e-03	2.37500e-02	7.63897e-04
5.62500e-03	2.50000e-02	0.00000e+00

6.87500e-03	0.00000e+00	0.00000e+00
6.87500e-03	1.25000e-03	-7.25491e-04
6.87500e-03	2.50000e-03	-1.48001e-03
6.87500e-03	3.75000e-03	-1.76883e-03
6.87500e-03	5.00000e-03	-1.65515e-03
6.87500e-03	6.25000e-03	-1.33240e-03
6.87500e-03	7.50000e-03	-9.74184e-04
6.87500e-03	8.75000e-03	-6.61712e-04
6.87500e-03	1.00000e-02	-4.07124e-04
6.87500e-03	1.12500e-02	-1.93679e-04
6.87500e-03	1.25000e-02	7.12835e-09
6.87500e-03	1.37500e-02	1.93693e-04
6.87500e-03	1.50000e-02	4.07138e-04
6.87500e-03	1.62500e-02	6.61724e-04
6.87500e-03	1.75000e-02	9.74195e-04
6.87500e-03	1.87500e-02	1.33240e-03
6.87500e-03	2.00000e-02	1.65516e-03
6.87500e-03	2.12500e-02	1.76884e-03
6.87500e-03	2.25000e-02	1.48001e-03
6.87500e-03	2.37500e-02	7.25492e-04
6.87500e-03	2.50000e-02	0.00000e+00

8.12500e-03	0.00000e+00	0.00000e+00
8.12500e-03	1.25000e-03	-7.11739e-04
8.12500e-03	2.50000e-03	-1.51407e-03
8.12500e-03	3.75000e-03	-1.83170e-03
8.12500e-03	5.00000e-03	-1.73932e-03
8.12500e-03	6.25000e-03	-1.41504e-03
8.12500e-03	7.50000e-03	-1.03880e-03
8.12500e-03	8.75000e-03	-7.04825e-04
8.12500e-03	1.00000e-02	-4.32372e-04
8.12500e-03	1.12500e-02	-2.05217e-04
8.12500e-03	1.25000e-02	8.54712e-09
8.12500e-03	1.37500e-02	2.05234e-04
8.12500e-03	1.50000e-02	4.32388e-04
8.12500e-03	1.62500e-02	7.04840e-04
8.12500e-03	1.75000e-02	1.03881e-03
8.12500e-03	1.87500e-02	1.41505e-03
8.12500e-03	2.00000e-02	1.73933e-03
8.12500e-03	2.12500e-02	1.83171e-03
8.12500e-03	2.25000e-02	1.51408e-03
8.12500e-03	2.37500e-02	7.11740e-04
8.12500e-03	2.50000e-02	0.00000e+00

9.37500e-03	0.00000e+00	0.00000e+00
9.37500e-03	1.25000e-03	-7.09917e-04
9.37500e-03	2.50000e-03	-1.53700e-03
9.37500e-03	3.75000e-03	-1.87529e-03
9.37500e-03	5.00000e-03	-1.80182e-03
9.37500e-03	6.25000e-03	-1.47868e-03
9.37500e-03	7.50000e-03	-1.08816e-03
9.37500e-03	8.75000e-03	-7.36176e-04
9.37500e-03	1.00000e-02	-4.49421e-04
9.37500e-03	1.12500e-02	-2.12518e-04
9.37500e-03	1.25000e-02	1.00515e-08
9.37500e-03	1.37500e-02	2.12538e-04
9.37500e-03	1.50000e-02	4.49440e-04
9.37500e-03	1.62500e-02	7.36193e-04
9.37500e-03	1.75000e-02	1.08818e-03
9.37500e-03	1.87500e-02	1.47869e-03
9.37500e-03	2.00000e-02	1.80183e-03
9.37500e-03	2.12500e-02	1.87530e-03
9.37500e-03	2.25000e-02	1.53700e-03
9.37500e-03	2.37500e-02	7.09918e-04
9.37500e-03	2.50000e-02	0.00000e+00

1.06250e-02	0.00000e+00	0.00000e+00
1.06250e-02	1.25000e-03	-7.11665e-04
1.06250e-02	2.50000e-03	-1.54910e-03
1.06250e-02	3.75000e-03	-1.90306e-03
1.06250e-02	5.00000e-03	-1.84688e-03
1.06250e-02	6.25000e-03	-1.52723e-03
1.06250e-02	7.50000e-03	-1.12569e-03
1.06250e-02	8.75000e-03	-7.58438e-04
1.06250e-02	1.00000e-02	-4.60064e-04
1.06250e-02	1.12500e-02	-2.16468e-04
1.06250e-02	1.25000e-02	1.16490e-08
1.06250e-02	1.37500e-02	2.16491e-04
1.06250e-02	1.50000e-02	4.60086e-04
1.06250e-02	1.62500e-02	7.58458e-04
1.06250e-02	1.75000e-02	1.12571e-03
1.06250e-02	1.87500e-02	1.52724e-03
1.06250e-02	2.00000e-02	1.84689e-03
1.06250e-02	2.12500e-02	1.90307e-03
1.06250e-02	2.25000e-02	1.54911e-03
1.06250e-02	2.37500e-02	7.11667e-04
1.06250e-02	2.50000e-02	0.00000e+00

1.18750e-02	0.00000e+00	0.00000e+00
1.18750e-02	1.25000e-03	-7.12176e-04
1.18750e-02	2.50000e-03	-1.55072e-03
1.18750e-02	3.75000e-03	-1.91739e-03
1.18750e-02	5.00000e-03	-1.87753e-03
1.18750e-02	6.25000e-03	-1.56357e-03
1.18750e-02	7.50000e-03	-1.15396e-03
1.18750e-02	8.75000e-03	-7.73747e-04
1.18750e-02	1.00000e-02	-4.65797e-04
1.18750e-02	1.12500e-02	-2.17825e-04
1.18750e-02	1.25000e-02	1.33473e-08
1.18750e-02	1.37500e-02	2.17852e-04
1.18750e-02	1.50000e-02	4.65822e-04
1.18750e-02	1.62500e-02	7.73769e-04
1.18750e-02	1.75000e-02	1.15398e-03
1.18750e-02	1.87500e-02	1.56359e-03
1.18750e-02	2.00000e-02	1.87755e-03
1.18750e-02	2.12500e-02	1.91740e-03
1.18750e-02	2.25000e-02	1.55072e-03
1.18750e-02	2.37500e-02	7.12178e-04
1.18750e-02	2.50000e-02	0.00000e+00

1.31250e-02	0.00000e+00	0.00000e+00
1.31250e-02	1.25000e-03	-7.09099e-04
1.31250e-02	2.50000e-03	-1.54253e-03
1.31250e-02	3.75000e-03	-1.92021e-03
1.31250e-02	5.00000e-03	-1.89615e-03
1.31250e-02	6.25000e-03	-1.58988e-03
1.31250e-02	7.50000e-03	-1.17493e-03
1.31250e-02	8.75000e-03	-7.83791e-04
1.31250e-02	1.00000e-02	-4.67838e-04
1.31250e-02	1.12500e-02	-2.17216e-04
1.31250e-02	1.25000e-02	1.51542e-08
1.31250e-02	1.37500e-02	2.17246e-04
1.31250e-02	1.50000e-02	4.67866e-04
1.31250e-02	1.62500e-02	7.83817e-04
1.31250e-02	1.75000e-02	1.17496e-03
1.31250e-02	1.87500e-02	1.58990e-03
1.31250e-02	2.00000e-02	1.89616e-03
1.31250e-02	2.12500e-02	1.92022e-03
1.31250e-02	2.25000e-02	1.54254e-03
1.31250e-02	2.37500e-02	7.09101e-04
1.31250e-02	2.50000e-02	0.00000e+00

1.43750e-02	0.00000e+00	0.00000e+00
1.43750e-02	1.25000e-03	-7.01634e-04
1.43750e-02	2.50000e-03	-1.52559e-03
1.43750e-02	3.75000e-03	-1.91319e-03
1.43750e-02	5.00000e-03	-1.90469e-03
1.43750e-02	6.25000e-03	-1.60790e-03
1.43750e-02	7.50000e-03	-1.19017e-03
1.43750e-02	8.75000e-03	-7.89911e-04
1.43750e-02	1.00000e-02	-4.67171e-04
1.43750e-02	1.12500e-02	-2.15155e-04
1.43750e-02	1.25000e-02	1.70780e-08
1.43750e-02	1.37500e-02	2.15189e-04
1.43750e-02	1.50000e-02	4.67203e-04
1.43750e-02	1.62500e-02	7.89940e-04
1.43750e-02	1.75000e-02	1.19020e-03
1.43750e-02	1.87500e-02	1.60792e-03
1.43750e-02	2.00000e-02	1.90470e-03
1.43750e-02	2.12500e-02	1.91320e-03
1.43750e-02	2.25000e-02	1.52559e-03
1.43750e-02	2.37500e-02	7.01637e-04
1.43750e-02	2.50000e-02	0.00000e+00

1.56250e-02	0.00000e+00	0.00000e+00
1.56250e-02	1.25000e-03	-6.89896e-04
1.56250e-02	2.50000e-03	-1.50117e-03
1.56250e-02	3.75000e-03	-1.89785e-03
1.56250e-02	5.00000e-03	-1.90482e-03
1.56250e-02	6.25000e-03	-1.61907e-03
1.56250e-02	7.50000e-03	-1.20091e-03
1.56250e-02	8.75000e-03	-7.93180e-04
1.56250e-02	1.00000e-02	-4.64596e-04
1.56250e-02	1.12500e-02	-2.12061e-04
1.56250e-02	1.25000e-02	1.91272e-08
1.56250e-02	1.37500e-02	2.12099e-04
1.56250e-02	1.50000e-02	4.64631e-04
1.56250e-02	1.62500e-02	7.93212e-04
1.56250e-02	1.75000e-02	1.20094e-03
1.56250e-02	1.87500e-02	1.61910e-03
1.56250e-02	2.00000e-02	1.90484e-03
1.56250e-02	2.12500e-02	1.89786e-03
1.56250e-02	2.25000e-02	1.50118e-03
1.56250e-02	2.37500e-02	6.89899e-04
1.56250e-02	2.50000e-02	0.00000e+00

1.68750e-02	0.00000e+00	0.00000e+00
1.68750e-02	1.25000e-03	-6.74475e-04
1.68750e-02	2.50000e-03	-1.47068e-03
1.68750e-02	3.75000e-03	-1.87559e-03
1.68750e-02	5.00000e-03	-1.89801e-03
1.68750e-02	6.25000e-03	-1.62463e-03
1.68750e-02	7.50000e-03	-1.20815e-03
1.68750e-02	8.75000e-03	-7.94464e-04
1.68750e-02	1.00000e-02	-4.60764e-04
1.68750e-02	1.12500e-02	-2.08280e-04
1.68750e-02	1.25000e-02	2.13106e-08
1.68750e-02	1.37500e-02	2.08321e-04
1.68750e-02	1.50000e-02	4.60804e-04
1.68750e-02	1.62500e-02	7.94500e-04
1.68750e-02	1.75000e-02	1.20818e-03
1.68750e-02	1.87500e-02	1.62465e-03
1.68750e-02	2.00000e-02	1.89804e-03
1.68750e-02	2.12500e-02	1.87561e-03
1.68750e-02	2.25000e-02	1.47069e-03
1.68750e-02	2.37500e-02	6.74477e-04
1.68750e-02	2.50000e-02	0.00000e+00

1.81250e-02	0.00000e+00	0.00000e+00
1.81250e-02	1.25000e-03	-6.56158e-04
1.81250e-02	2.50000e-03	-1.43548e-03
1.81250e-02	3.75000e-03	-1.84771e-03
1.81250e-02	5.00000e-03	-1.88553e-03
1.81250e-02	6.25000e-03	-1.62560e-03
1.81250e-02	7.50000e-03	-1.21272e-03
1.81250e-02	8.75000e-03	-7.94466e-04
1.81250e-02	1.00000e-02	-4.56210e-04
1.81250e-02	1.12500e-02	-2.04096e-04
1.81250e-02	1.25000e-02	2.36374e-08
1.81250e-02	1.37500e-02	2.04142e-04
1.81250e-02	1.50000e-02	4.56254e-04
1.81250e-02	1.62500e-02	7.94506e-04
1.81250e-02	1.75000e-02	1.21275e-03
1.81250e-02	1.87500e-02	1.62563e-03
1.81250e-02	2.00000e-02	1.88555e-03
1.81250e-02	2.12500e-02	1.84773e-03
1.81250e-02	2.25000e-02	1.43549e-03
1.81250e-02	2.37500e-02	6.56161e-04
1.81250e-02	2.50000e-02	0.00000e+00

1.93750e-02	0.00000e+00	0.00000e+00
1.93750e-02	1.25000e-03	-6.35763e-04
1.93750e-02	2.50000e-03	-1.39686e-03
1.93750e-02	3.75000e-03	-1.81536e-03
1.93750e-02	5.00000e-03	-1.86845e-03
1.93750e-02	6.25000e-03	-1.62288e-03
1.93750e-02	7.50000e-03	-1.21529e-03
1.93750e-02	8.75000e-03	-7.93756e-04
1.93750e-02	1.00000e-02	-4.51373e-04
1.93750e-02	1.12500e-02	-1.99745e-04
1.93750e-02	1.25000e-02	2.61170e-08
1.93750e-02	1.37500e-02	1.99797e-04
1.93750e-02	1.50000e-02	4.51421e-04
1.93750e-02	1.62500e-02	7.93800e-04
1.93750e-02	1.75000e-02	1.21533e-03
1.93750e-02	1.87500e-02	1.62291e-03
1.93750e-02	2.00000e-02	1.86847e-03
1.93750e-02	2.12500e-02	1.81537e-03
1.93750e-02	2.25000e-02	1.39687e-03
1.93750e-02	2.37500e-02	6.35766e-04
1.93750e-02	2.50000e-02	0.00000e+00

2.06250e-02	0.00000e+00	0.00000e+00
2.06250e-02	1.25000e-03	-6.14042e-04
2.06250e-02	2.50000e-03	-1.35595e-03
2.06250e-02	3.75000e-03	-1.77956e-03
2.06250e-02	5.00000e-03	-1.84769e-03
2.06250e-02	6.25000e-03	-1.61719e-03
2.06250e-02	7.50000e-03	-1.21641e-03
2.06250e-02	8.75000e-03	-7.92792e-04
2.06250e-02	1.00000e-02	-4.46610e-04
2.06250e-02	1.12500e-02	-1.95423e-04
2.06250e-02	1.25000e-02	2.87590e-08
2.06250e-02	1.37500e-02	1.95480e-04
2.06250e-02	1.50000e-02	4.46663e-04
2.06250e-02	1.62500e-02	7.92841e-04
2.06250e-02	1.75000e-02	1.21645e-03
2.06250e-02	1.87500e-02	1.61722e-03
2.06250e-02	2.00000e-02	1.84772e-03
2.06250e-02	2.12500e-02	1.77958e-03
2.06250e-02	2.25000e-02	1.35596e-03
2.06250e-02	2.37500e-02	6.14046e-04
2.06250e-02	2.50000e-02	0.00000e+00

2.18750e-02	0.00000e+00	0.00000e+00
2.18750e-02	1.25000e-03	-5.91636e-04
2.18750e-02	2.50000e-03	-1.31371e-03
2.18750e-02	3.75000e-03	-1.74122e-03
2.18750e-02	5.00000e-03	-1.82404e-03
2.18750e-02	6.25000e-03	-1.60915e-03
2.18750e-02	7.50000e-03	-1.21652e-03
2.18750e-02	8.75000e-03	-7.91933e-04
2.18750e-02	1.00000e-02	-4.42211e-04
2.18750e-02	1.12500e-02	-1.91289e-04
2.18750e-02	1.25000e-02	3.15734e-08
2.18750e-02	1.37500e-02	1.91351e-04
2.18750e-02	1.50000e-02	4.42269e-04
2.18750e-02	1.62500e-02	7.91986e-04
2.18750e-02	1.75000e-02	1.21656e-03
2.18750e-02	1.87500e-02	1.60918e-03
2.18750e-02	2.00000e-02	1.82406e-03
2.18750e-02	2.12500e-02	1.74124e-03
2.18750e-02	2.25000e-02	1.31372e-03
2.18750e-02	2.37500e-02	5.91640e-04
2.18750e-02	2.50000e-02	0.00000e+00

2.31250e-02	0.00000e+00	0.00000e+00
2.31250e-02	1.25000e-03	-5.69057e-04
2.31250e-02	2.50000e-03	-1.27094e-03
2.31250e-02	3.75000e-03	-1.70111e-03
2.31250e-02	5.00000e-03	-1.79813e-03
2.31250e-02	6.25000e-03	-1.59924e-03
2.31250e-02	7.50000e-03	-1.21595e-03
2.31250e-02	8.75000e-03	-7.91455e-04
2.31250e-02	1.00000e-02	-4.38405e-04
2.31250e-02	1.12500e-02	-1.87473e-04
2.31250e-02	1.25000e-02	3.45703e-08
2.31250e-02	1.37500e-02	1.87541e-04
2.31250e-02	1.50000e-02	4.38469e-04
2.31250e-02	1.62500e-02	7.91512e-04
2.31250e-02	1.75000e-02	1.21599e-03
2.31250e-02	1.87500e-02	1.59929e-03
2.31250e-02	2.00000e-02	1.79816e-03
2.31250e-02	2.12500e-02	1.70113e-03
2.31250e-02	2.25000e-02	1.27095e-03
2.31250e-02	2.37500e-02	5.69061e-04
2.31250e-02	2.50000e-02	0.00000e+00

2.43750e-02	0.00000e+00	0.00000e+00
2.43750e-02	1.25000e-03	-5.46700e-04
2.43750e-02	2.50000e-03	-1.22827e-03
2.43750e-02	3.75000e-03	-1.65989e-03
2.43750e-02	5.00000e-03	-1.77052e-03
2.43750e-02	6.25000e-03	-1.58788e-03
2.43750e-02	7.50000e-03	-1.21494e-03
2.43750e-02	8.75000e-03	-7.91557e-04
2.43750e-02	1.00000e-02	-4.35371e-04
2.43750e-02	1.12500e-02	-1.84079e-04
2.43750e-02	1.25000e-02	3.77601e-08
2.43750e-02	1.37500e-02	1.84154e-04
2.43750e-02	1.50000e-02	4.35440e-04
2.43750e-02	1.62500e-02	7.91620e-04
2.43750e-02	1.75000e-02	1.21500e-03
2.43750e-02	1.87500e-02	1.58792e-03
2.43750e-02	2.00000e-02	1.77055e-03
2.43750e-02	2.12500e-02	1.65991e-03
2.43750e-02	2.25000e-02	1.22828e-03
2.43750e-02	2.37500e-02	5.46705e-04
2.43750e-02	2.50000e-02	0.00000e+00

2.56250e-02	0.00000e+00	0.00000e+00
2.56250e-02	1.25000e-03	-5.24852e-04
2.56250e-02	2.50000e-03	-1.18618e-03
2.56250e-02	3.75000e-03	-1.61810e-03
2.56250e-02	5.00000e-03	-1.74163e-03
2.56250e-02	6.25000e-03	-1.57536e-03
2.56250e-02	7.50000e-03	-1.21369e-03
2.56250e-02	8.75000e-03	-7.92378e-04
2.56250e-02	1.00000e-02	-4.33240e-04
2.56250e-02	1.12500e-02	-1.81189e-04
2.56250e-02	1.25000e-02	4.11533e-08
2.56250e-02	1.37500e-02	1.81269e-04
2.56250e-02	1.50000e-02	4.33316e-04
2.56250e-02	1.62500e-02	7.92446e-04
2.56250e-02	1.75000e-02	1.21375e-03
2.56250e-02	1.87500e-02	1.57541e-03
2.56250e-02	2.00000e-02	1.74167e-03
2.56250e-02	2.12500e-02	1.61812e-03
2.56250e-02	2.25000e-02	1.18620e-03
2.56250e-02	2.37500e-02	5.24857e-04
2.56250e-02	2.50000e-02	0.00000e+00

2.68750e-02	0.00000e+00	0.00000e+00
2.68750e-02	1.25000e-03	-5.03710e-04
2.68750e-02	2.50000e-03	-1.14504e-03
2.68750e-02	3.75000e-03	-1.57619e-03
2.68750e-02	5.00000e-03	-1.71185e-03
2.68750e-02	6.25000e-03	-1.56193e-03
2.68750e-02	7.50000e-03	-1.21230e-03
2.68750e-02	8.75000e-03	-7.93999e-04
2.68750e-02	1.00000e-02	-4.32107e-04
2.68750e-02	1.12500e-02	-1.78863e-04
2.68750e-02	1.25000e-02	4.47606e-08
2.68750e-02	1.37500e-02	1.78950e-04
2.68750e-02	1.50000e-02	4.32189e-04
2.68750e-02	1.62500e-02	7.94072e-04
2.68750e-02	1.75000e-02	1.21236e-03
2.68750e-02	1.87500e-02	1.56199e-03
2.68750e-02	2.00000e-02	1.71189e-03
2.68750e-02	2.12500e-02	1.57621e-03
2.68750e-02	2.25000e-02	1.14506e-03
2.68750e-02	2.37500e-02	5.03715e-04
2.68750e-02	2.50000e-02	0.00000e+00

2.81250e-02	0.00000e+00	0.00000e+00
2.81250e-02	1.25000e-03	-4.83402e-04
2.81250e-02	2.50000e-03	-1.10510e-03
2.81250e-02	3.75000e-03	-1.53452e-03
2.81250e-02	5.00000e-03	-1.68147e-03
2.81250e-02	6.25000e-03	-1.54778e-03
2.81250e-02	7.50000e-03	-1.21085e-03
2.81250e-02	8.75000e-03	-7.96454e-04
2.81250e-02	1.00000e-02	-4.32030e-04
2.81250e-02	1.12500e-02	-1.77146e-04
2.81250e-02	1.25000e-02	4.85928e-08
2.81250e-02	1.37500e-02	1.77241e-04
2.81250e-02	1.50000e-02	4.32119e-04
2.81250e-02	1.62500e-02	7.96533e-04
2.81250e-02	1.75000e-02	1.21092e-03
2.81250e-02	1.87500e-02	1.54784e-03
2.81250e-02	2.00000e-02	1.68151e-03
2.81250e-02	2.12500e-02	1.53454e-03
2.81250e-02	2.25000e-02	1.10512e-03
2.81250e-02	2.37500e-02	4.83407e-04
2.81250e-02	2.50000e-02	0.00000e+00

2.93750e-02	0.00000e+00	0.00000e+00
2.93750e-02	1.25000e-03	-4.64000e-04
2.93750e-02	2.50000e-03	-1.06654e-03
2.93750e-02	3.75000e-03	-1.49337e-03
2.93750e-02	5.00000e-03	-1.65075e-03
2.93750e-02	6.25000e-03	-1.53305e-03
2.93750e-02	7.50000e-03	-1.20936e-03
2.93750e-02	8.75000e-03	-7.99739e-04
2.93750e-02	1.00000e-02	-4.33041e-04
2.93750e-02	1.12500e-02	-1.76070e-04
2.93750e-02	1.25000e-02	5.26608e-08
2.93750e-02	1.37500e-02	1.76173e-04
2.93750e-02	1.50000e-02	4.33137e-04
2.93750e-02	1.62500e-02	7.99825e-04
2.93750e-02	1.75000e-02	1.20943e-03
2.93750e-02	1.87500e-02	1.53311e-03
2.93750e-02	2.00000e-02	1.65079e-03
2.93750e-02	2.12500e-02	1.49340e-03
2.93750e-02	2.25000e-02	1.06656e-03
2.93750e-02	2.37500e-02	4.64006e-04
2.93750e-02	2.50000e-02	0.00000e+00

3.06250e-02	0.00000e+00	0.00000e+00
3.06250e-02	1.25000e-03	-4.45538e-04
3.06250e-02	2.50000e-03	-1.02945e-03
3.06250e-02	3.75000e-03	-1.45297e-03
3.06250e-02	5.00000e-03	-1.61988e-03
3.06250e-02	6.25000e-03	-1.51785e-03
3.06250e-02	7.50000e-03	-1.20784e-03
3.06250e-02	8.75000e-03	-8.03820e-04
3.06250e-02	1.00000e-02	-4.35144e-04
3.06250e-02	1.12500e-02	-1.75653e-04
3.06250e-02	1.25000e-02	5.69753e-08
3.06250e-02	1.37500e-02	1.75764e-04
3.06250e-02	1.50000e-02	4.35248e-04
3.06250e-02	1.62500e-02	8.03912e-04
3.06250e-02	1.75000e-02	1.20792e-03
3.06250e-02	1.87500e-02	1.51791e-03
3.06250e-02	2.00000e-02	1.61993e-03
3.06250e-02	2.12500e-02	1.45300e-03
3.06250e-02	2.25000e-02	1.02947e-03
3.06250e-02	2.37500e-02	4.45545e-04
3.06250e-02	2.50000e-02	0.00000e+00

3.18750e-02	0.00000e+00	0.00000e+00
3.18750e-02	1.25000e-03	-4.28023e-04
3.18750e-02	2.50000e-03	-9.93902e-04
3.18750e-02	3.75000e-03	-1.41347e-03
3.18750e-02	5.00000e-03	-1.58904e-03
3.18750e-02	6.25000e-03	-1.50226e-03
3.18750e-02	7.50000e-03	-1.20626e-03
3.18750e-02	8.75000e-03	-8.08636e-04
3.18750e-02	1.00000e-02	-4.38324e-04
3.18750e-02	1.12500e-02	-1.75903e-04
3.18750e-02	1.25000e-02	6.15472e-08
3.18750e-02	1.37500e-02	1.76023e-04
3.18750e-02	1.50000e-02	4.38436e-04
3.18750e-02	1.62500e-02	8.08735e-04
3.18750e-02	1.75000e-02	1.20635e-03
3.18750e-02	1.87500e-02	1.50233e-03
3.18750e-02	2.00000e-02	1.58909e-03
3.18750e-02	2.12500e-02	1.41351e-03
3.18750e-02	2.25000e-02	9.93921e-04
3.18750e-02	2.37500e-02	4.28030e-04
3.18750e-02	2.50000e-02	0.00000e+00

3.31250e-02	0.00000e+00	0.00000e+00
3.31250e-02	1.25000e-03	-4.11447e-04
3.31250e-02	2.50000e-03	-9.59908e-04
3.31250e-02	3.75000e-03	-1.37501e-03
3.31250e-02	5.00000e-03	-1.55837e-03
3.31250e-02	6.25000e-03	-1.48636e-03
3.31250e-02	7.50000e-03	-1.20460e-03
3.31250e-02	8.75000e-03	-8.14108e-04
3.31250e-02	1.00000e-02	-4.42549e-04
3.31250e-02	1.12500e-02	-1.76821e-04
3.31250e-02	1.25000e-02	6.63874e-08
3.31250e-02	1.37500e-02	1.76950e-04
3.31250e-02	1.50000e-02	4.42669e-04
3.31250e-02	1.62500e-02	8.14215e-04
3.31250e-02	1.75000e-02	1.20469e-03
3.31250e-02	1.87500e-02	1.48643e-03
3.31250e-02	2.00000e-02	1.55843e-03
3.31250e-02	2.12500e-02	1.37505e-03
3.31250e-02	2.25000e-02	9.59928e-04
3.31250e-02	2.37500e-02	4.11454e-04
3.31250e-02	2.50000e-02	0.00000e+00

3.43750e-02	0.00000e+00	0.00000e+00
3.43750e-02	1.25000e-03	-3.95816e-04
3.43750e-02	2.50000e-03	-9.27461e-04
3.43750e-02	3.75000e-03	-1.33765e-03
3.43750e-02	5.00000e-03	-1.52797e-03
3.43750e-02	6.25000e-03	-1.47019e-03
3.43750e-02	7.50000e-03	-1.20281e-03
3.43750e-02	8.75000e-03	-8.20144e-04
3.43750e-02	1.00000e-02	-4.47770e-04
3.43750e-02	1.12500e-02	-1.78399e-04
3.43750e-02	1.25000e-02	7.15064e-08
3.43750e-02	1.37500e-02	1.78539e-04
3.43750e-02	1.50000e-02	4.47900e-04
3.43750e-02	1.62500e-02	8.20259e-04
3.43750e-02	1.75000e-02	1.20290e-03
3.43750e-02	1.87500e-02	1.47027e-03
3.43750e-02	2.00000e-02	1.52803e-03
3.43750e-02	2.12500e-02	1.33769e-03
3.43750e-02	2.25000e-02	9.27483e-04
3.43750e-02	2.37500e-02	3.95824e-04
3.43750e-02	2.50000e-02	0.00000e+00

3.56250e-02	0.00000e+00	0.00000e+00
3.56250e-02	1.25000e-03	-3.80991e-04
3.56250e-02	2.50000e-03	-8.96489e-04
3.56250e-02	3.75000e-03	-1.30143e-03
3.56250e-02	5.00000e-03	-1.49794e-03
3.56250e-02	6.25000e-03	-1.45381e-03
3.56250e-02	7.50000e-03	-1.20084e-03
3.56250e-02	8.75000e-03	-8.26643e-04
3.56250e-02	1.00000e-02	-4.53929e-04
3.56250e-02	1.12500e-02	-1.80626e-04
3.56250e-02	1.25000e-02	7.69147e-08
3.56250e-02	1.37500e-02	1.80776e-04
3.56250e-02	1.50000e-02	4.54068e-04
3.56250e-02	1.62500e-02	8.26766e-04
3.56250e-02	1.75000e-02	1.20095e-03
3.56250e-02	1.87500e-02	1.45389e-03
3.56250e-02	2.00000e-02	1.49800e-03
3.56250e-02	2.12500e-02	1.30148e-03
3.56250e-02	2.25000e-02	8.96512e-04
3.56250e-02	2.37500e-02	3.80999e-04
3.56250e-02	2.50000e-02	0.00000e+00

3.68750e-02	0.00000e+00	0.00000e+00
3.68750e-02	1.25000e-03	-3.66886e-04
3.68750e-02	2.50000e-03	-8.66919e-04
3.68750e-02	3.75000e-03	-1.26638e-03
3.68750e-02	5.00000e-03	-1.46833e-03
3.68750e-02	6.25000e-03	-1.43725e-03
3.68750e-02	7.50000e-03	-1.19867e-03
3.68750e-02	8.75000e-03	-8.33501e-04
3.68750e-02	1.00000e-02	-4.60956e-04
3.68750e-02	1.12500e-02	-1.83484e-04
3.68750e-02	1.25000e-02	8.26224e-08
3.68750e-02	1.37500e-02	1.83645e-04
3.68750e-02	1.50000e-02	4.61105e-04
3.68750e-02	1.62500e-02	8.33633e-04
3.68750e-02	1.75000e-02	1.19878e-03
3.68750e-02	1.87500e-02	1.43734e-03
3.68750e-02	2.00000e-02	1.46840e-03
3.68750e-02	2.12500e-02	1.26642e-03
3.68750e-02	2.25000e-02	8.66944e-04
3.68750e-02	2.37500e-02	3.66895e-04
3.68750e-02	2.50000e-02	0.00000e+00

3.81250e-02	0.00000e+00	0.00000e+00
3.81250e-02	1.25000e-03	-3.53545e-04
3.81250e-02	2.50000e-03	-8.38724e-04
3.81250e-02	3.75000e-03	-1.23250e-03
3.81250e-02	5.00000e-03	-1.43921e-03
3.81250e-02	6.25000e-03	-1.42056e-03
3.81250e-02	7.50000e-03	-1.19624e-03
3.81250e-02	8.75000e-03	-8.40613e-04
3.81250e-02	1.00000e-02	-4.68773e-04
3.81250e-02	1.12500e-02	-1.86950e-04
3.81250e-02	1.25000e-02	8.86393e-08
3.81250e-02	1.37500e-02	1.87123e-04
3.81250e-02	1.50000e-02	4.68933e-04
3.81250e-02	1.62500e-02	8.40753e-04
3.81250e-02	1.75000e-02	1.19636e-03
3.81250e-02	1.87500e-02	1.42065e-03
3.81250e-02	2.00000e-02	1.43928e-03
3.81250e-02	2.12500e-02	1.23255e-03
3.81250e-02	2.25000e-02	8.38750e-04
3.81250e-02	2.37500e-02	3.53554e-04
3.81250e-02	2.50000e-02	0.00000e+00

3.93750e-02	0.00000e+00	0.00000e+00
3.93750e-02	1.25000e-03	-3.40937e-04
3.93750e-02	2.50000e-03	-8.11860e-04
3.93750e-02	3.75000e-03	-1.19980e-03
3.93750e-02	5.00000e-03	-1.41063e-03
3.93750e-02	6.25000e-03	-1.40375e-03
3.93750e-02	7.50000e-03	-1.19353e-03
3.93750e-02	8.75000e-03	-8.47874e-04
3.93750e-02	1.00000e-02	-4.77299e-04
3.93750e-02	1.12500e-02	-1.91000e-04
3.93750e-02	1.25000e-02	9.49748e-08
3.93750e-02	1.37500e-02	1.91185e-04
3.93750e-02	1.50000e-02	4.77469e-04
3.93750e-02	1.62500e-02	8.48024e-04
3.93750e-02	1.75000e-02	1.19366e-03
3.93750e-02	1.87500e-02	1.40386e-03
3.93750e-02	2.00000e-02	1.41071e-03
3.93750e-02	2.12500e-02	1.19985e-03
3.93750e-02	2.25000e-02	8.11887e-04
3.93750e-02	2.37500e-02	3.40947e-04
3.93750e-02	2.50000e-02	0.00000e+00

4.06250e-02	0.00000e+00	0.00000e+00
4.06250e-02	1.25000e-03	-3.29019e-04
4.06250e-02	2.50000e-03	-7.86270e-04
4.06250e-02	3.75000e-03	-1.16827e-03
4.06250e-02	5.00000e-03	-1.38262e-03
4.06250e-02	6.25000e-03	-1.38688e-03
4.06250e-02	7.50000e-03	-1.19051e-03
4.06250e-02	8.75000e-03	-8.55187e-04
4.06250e-02	1.00000e-02	-4.86444e-04
4.06250e-02	1.12500e-02	-1.95606e-04
4.06250e-02	1.25000e-02	1.01637e-07
4.06250e-02	1.37500e-02	1.95803e-04
4.06250e-02	1.50000e-02	4.86626e-04
4.06250e-02	1.62500e-02	8.55347e-04
4.06250e-02	1.75000e-02	1.19065e-03
4.06250e-02	1.87500e-02	1.38699e-03
4.06250e-02	2.00000e-02	1.38270e-03
4.06250e-02	2.12500e-02	1.16833e-03
4.06250e-02	2.25000e-02	7.86299e-04
4.06250e-02	2.37500e-02	3.29029e-04
4.06250e-02	2.50000e-02	0.00000e+00

4.18750e-02	0.00000e+00	0.00000e+00
4.18750e-02	1.25000e-03	-3.17742e-04
4.18750e-02	2.50000e-03	-7.61891e-04
4.18750e-02	3.75000e-03	-1.13789e-03
4.18750e-02	5.00000e-03	-1.35522e-03
4.18750e-02	6.25000e-03	-1.36997e-03
4.18750e-02	7.50000e-03	-1.18716e-03
4.18750e-02	8.75000e-03	-8.62459e-04
4.18750e-02	1.00000e-02	-4.96119e-04
4.18750e-02	1.12500e-02	-2.00735e-04
4.18750e-02	1.25000e-02	1.08635e-07
4.18750e-02	1.37500e-02	2.00946e-04
4.18750e-02	1.50000e-02	4.96314e-04
4.18750e-02	1.62500e-02	8.62630e-04
4.18750e-02	1.75000e-02	1.18731e-03
4.18750e-02	1.87500e-02	1.37009e-03
4.18750e-02	2.00000e-02	1.35530e-03
4.18750e-02	2.12500e-02	1.13795e-03
4.18750e-02	2.25000e-02	7.61923e-04
4.18750e-02	2.37500e-02	3.17753e-04
4.18750e-02	2.50000e-02	0.00000e+00

4.31250e-02	0.00000e+00	0.00000e+00
4.31250e-02	1.25000e-03	-3.07064e-04
4.31250e-02	2.50000e-03	-7.38661e-04
4.31250e-02	3.75000e-03	-1.10863e-03
4.31250e-02	5.00000e-03	-1.32843e-03
4.31250e-02	6.25000e-03	-1.35305e-03
4.31250e-02	7.50000e-03	-1.18347e-03
4.31250e-02	8.75000e-03	-8.69604e-04
4.31250e-02	1.00000e-02	-5.06231e-04
4.31250e-02	1.12500e-02	-2.06353e-04
4.31250e-02	1.25000e-02	1.15976e-07
4.31250e-02	1.37500e-02	2.06578e-04
4.31250e-02	1.50000e-02	5.06438e-04
4.31250e-02	1.62500e-02	8.69785e-04
4.31250e-02	1.75000e-02	1.18362e-03
4.31250e-02	1.87500e-02	1.35317e-03
4.31250e-02	2.00000e-02	1.32852e-03
4.31250e-02	2.12500e-02	1.10870e-03
4.31250e-02	2.25000e-02	7.38695e-04
4.31250e-02	2.37500e-02	3.07076e-04
4.31250e-02	2.50000e-02	0.00000e+00

4.43750e-02	0.00000e+00	0.00000e+00
4.43750e-02	1.25000e-03	-2.96943e-04
4.43750e-02	2.50000e-03	-7.16517e-04
4.43750e-02	3.75000e-03	-1.08046e-03
4.43750e-02	5.00000e-03	-1.30228e-03
4.43750e-02	6.25000e-03	-1.33614e-03
4.43750e-02	7.50000e-03	-1.17942e-03
4.43750e-02	8.75000e-03	-8.76544e-04
4.43750e-02	1.00000e-02	-5.16685e-04
4.43750e-02	1.12500e-02	-2.12423e-04
4.43750e-02	1.25000e-02	1.23664e-07
4.43750e-02	1.37500e-02	2.12663e-04
4.43750e-02	1.50000e-02	5.16905e-04
4.43750e-02	1.62500e-02	8.76737e-04
4.43750e-02	1.75000e-02	1.17958e-03
4.43750e-02	1.87500e-02	1.33627e-03
4.43750e-02	2.00000e-02	1.30238e-03
4.43750e-02	2.12500e-02	1.08053e-03
4.43750e-02	2.25000e-02	7.16552e-04
4.43750e-02	2.37500e-02	2.96956e-04
4.43750e-02	2.50000e-02	0.00000e+00

4.56250e-02	0.00000e+00	0.00000e+00
4.56250e-02	1.25000e-03	-2.87342e-04
4.56250e-02	2.50000e-03	-6.95397e-04
4.56250e-02	3.75000e-03	-1.05334e-03
4.56250e-02	5.00000e-03	-1.27676e-03
4.56250e-02	6.25000e-03	-1.31928e-03
4.56250e-02	7.50000e-03	-1.17501e-03
4.56250e-02	8.75000e-03	-8.83209e-04
4.56250e-02	1.00000e-02	-5.27389e-04
4.56250e-02	1.12500e-02	-2.18907e-04
4.56250e-02	1.25000e-02	1.31707e-07
4.56250e-02	1.37500e-02	2.19162e-04
4.56250e-02	1.50000e-02	5.27623e-04
4.56250e-02	1.62500e-02	8.83414e-04
4.56250e-02	1.75000e-02	1.17518e-03
4.56250e-02	1.87500e-02	1.31941e-03
4.56250e-02	2.00000e-02	1.27686e-03
4.56250e-02	2.12500e-02	1.05341e-03
4.56250e-02	2.25000e-02	6.95434e-04
4.56250e-02	2.37500e-02	2.87355e-04
4.56250e-02	2.50000e-02	0.00000e+00

4.68750e-02	0.00000e+00	0.00000e+00
4.68750e-02	1.25000e-03	-2.78227e-04
4.68750e-02	2.50000e-03	-6.75245e-04
4.68750e-02	3.75000e-03	-1.02723e-03
4.68750e-02	5.00000e-03	-1.25188e-03
4.68750e-02	6.25000e-03	-1.30247e-03
4.68750e-02	7.50000e-03	-1.17023e-03
4.68750e-02	8.75000e-03	-8.89539e-04
4.68750e-02	1.00000e-02	-5.38249e-04
4.68750e-02	1.12500e-02	-2.25761e-04
4.68750e-02	1.25000e-02	1.40106e-07
4.68750e-02	1.37500e-02	2.26032e-04
4.68750e-02	1.50000e-02	5.38498e-04
4.68750e-02	1.62500e-02	8.89756e-04
4.68750e-02	1.75000e-02	1.17042e-03
4.68750e-02	1.87500e-02	1.30262e-03
4.68750e-02	2.00000e-02	1.25199e-03
4.68750e-02	2.12500e-02	1.02731e-03
4.68750e-02	2.25000e-02	6.75284e-04
4.68750e-02	2.37500e-02	2.78241e-04
4.68750e-02	2.50000e-02	0.00000e+00

4.81250e-02	0.00000e+00	0.00000e+00
4.81250e-02	1.25000e-03	-2.69565e-04
4.81250e-02	2.50000e-03	-6.56004e-04
4.81250e-02	3.75000e-03	-1.00210e-03
4.81250e-02	5.00000e-03	-1.22764e-03
4.81250e-02	6.25000e-03	-1.28575e-03
4.81250e-02	7.50000e-03	-1.16511e-03
4.81250e-02	8.75000e-03	-8.95479e-04
4.81250e-02	1.00000e-02	-5.49177e-04
4.81250e-02	1.12500e-02	-2.32942e-04
4.81250e-02	1.25000e-02	1.48865e-07
4.81250e-02	1.37500e-02	2.33230e-04
4.81250e-02	1.50000e-02	5.49441e-04
4.81250e-02	1.62500e-02	8.95709e-04
4.81250e-02	1.75000e-02	1.16530e-03
4.81250e-02	1.87500e-02	1.28590e-03
4.81250e-02	2.00000e-02	1.22775e-03
4.81250e-02	2.12500e-02	1.00218e-03
4.81250e-02	2.25000e-02	6.56045e-04
4.81250e-02	2.37500e-02	2.69579e-04
4.81250e-02	2.50000e-02	0.00000e+00

4.93750e-02	0.00000e+00	0.00000e+00
4.93750e-02	1.25000e-03	-2.61326e-04
4.93750e-02	2.50000e-03	-6.37623e-04
4.93750e-02	3.75000e-03	-9.77901e-04
4.93750e-02	5.00000e-03	-1.20402e-03
4.93750e-02	6.25000e-03	-1.26912e-03
4.93750e-02	7.50000e-03	-1.15963e-03
4.93750e-02	8.75000e-03	-9.00985e-04
4.93750e-02	1.00000e-02	-5.60086e-04
4.93750e-02	1.12500e-02	-2.40404e-04
4.93750e-02	1.25000e-02	1.57984e-07
4.93750e-02	1.37500e-02	2.40710e-04
4.93750e-02	1.50000e-02	5.60365e-04
4.93750e-02	1.62500e-02	9.01229e-04
4.93750e-02	1.75000e-02	1.15983e-03
4.93750e-02	1.87500e-02	1.26929e-03
4.93750e-02	2.00000e-02	1.20414e-03
4.93750e-02	2.12500e-02	9.77981e-04
4.93750e-02	2.25000e-02	6.37667e-04
4.93750e-02	2.37500e-02	2.61341e-04
4.93750e-02	2.50000e-02	0.00000e+00

5.06250e-02	0.00000e+00	0.00000e+00
5.06250e-02	1.25000e-03	-2.53484e-04
5.06250e-02	2.50000e-03	-6.20054e-04
5.06250e-02	3.75000e-03	-9.54596e-04
5.06250e-02	5.00000e-03	-1.18102e-03
5.06250e-02	6.25000e-03	-1.25261e-03
5.06250e-02	7.50000e-03	-1.15380e-03
5.06250e-02	8.75000e-03	-9.06020e-04
5.06250e-02	1.00000e-02	-5.70891e-04
5.06250e-02	1.12500e-02	-2.48099e-04
5.06250e-02	1.25000e-02	1.67462e-07
5.06250e-02	1.37500e-02	2.48423e-04
5.06250e-02	1.50000e-02	5.71187e-04
5.06250e-02	1.62500e-02	9.06277e-04
5.06250e-02	1.75000e-02	1.15402e-03
5.06250e-02	1.87500e-02	1.25279e-03
5.06250e-02	2.00000e-02	1.18114e-03
5.06250e-02	2.12500e-02	9.54680e-04
5.06250e-02	2.25000e-02	6.20100e-04
5.06250e-02	2.37500e-02	2.53500e-04
5.06250e-02	2.50000e-02	0.00000e+00

5.18750e-02	0.00000e+00	0.00000e+00
5.18750e-02	1.25000e-03	-2.46013e-04
5.18750e-02	2.50000e-03	-6.03249e-04
5.18750e-02	3.75000e-03	-9.32146e-04
5.18750e-02	5.00000e-03	-1.15862e-03
5.18750e-02	6.25000e-03	-1.23623e-03
5.18750e-02	7.50000e-03	-1.14764e-03
5.18750e-02	8.75000e-03	-9.10552e-04
5.18750e-02	1.00000e-02	-5.81516e-04
5.18750e-02	1.12500e-02	-2.55978e-04
5.18750e-02	1.25000e-02	1.77295e-07
5.18750e-02	1.37500e-02	2.56320e-04
5.18750e-02	1.50000e-02	5.81828e-04
5.18750e-02	1.62500e-02	9.10824e-04
5.18750e-02	1.75000e-02	1.14787e-03
5.18750e-02	1.87500e-02	1.23641e-03
5.18750e-02	2.00000e-02	1.15875e-03
5.18750e-02	2.12500e-02	9.32235e-04
5.18750e-02	2.25000e-02	6.03297e-04
5.18750e-02	2.37500e-02	2.46030e-04
5.18750e-02	2.50000e-02	0.00000e+00

5.31250e-02	0.00000e+00	0.00000e+00
5.31250e-02	1.25000e-03	-2.38890e-04
5.31250e-02	2.50000e-03	-5.87164e-04
5.31250e-02	3.75000e-03	-9.10513e-04
5.31250e-02	5.00000e-03	-1.13682e-03
5.31250e-02	6.25000e-03	-1.21998e-03
5.31250e-02	7.50000e-03	-1.14115e-03
5.31250e-02	8.75000e-03	-9.14558e-04
5.31250e-02	1.00000e-02	-5.91886e-04
5.31250e-02	1.12500e-02	-2.63989e-04
5.31250e-02	1.25000e-02	1.87477e-07
5.31250e-02	1.37500e-02	2.64351e-04
5.31250e-02	1.50000e-02	5.92216e-04
5.31250e-02	1.62500e-02	9.14845e-04
5.31250e-02	1.75000e-02	1.14139e-03
5.31250e-02	1.87500e-02	1.22017e-03
5.31250e-02	2.00000e-02	1.13696e-03
5.31250e-02	2.12500e-02	9.10606e-04
5.31250e-02	2.25000e-02	5.87215e-04
5.31250e-02	2.37500e-02	2.38908e-04
5.31250e-02	2.50000e-02	0.00000e+00

5.43750e-02	0.00000e+00	0.00000e+00
5.43750e-02	1.25000e-03	-2.32092e-04
5.43750e-02	2.50000e-03	-5.71758e-04
5.43750e-02	3.75000e-03	-8.89658e-04
5.43750e-02	5.00000e-03	-1.11559e-03
5.43750e-02	6.25000e-03	-1.20388e-03
5.43750e-02	7.50000e-03	-1.13435e-03
5.43750e-02	8.75000e-03	-9.18018e-04
5.43750e-02	1.00000e-02	-6.01933e-04
5.43750e-02	1.12500e-02	-2.72080e-04
5.43750e-02	1.25000e-02	1.98000e-07
5.43750e-02	1.37500e-02	2.72462e-04
5.43750e-02	1.50000e-02	6.02281e-04
5.43750e-02	1.62500e-02	9.18321e-04
5.43750e-02	1.75000e-02	1.13460e-03
5.43750e-02	1.87500e-02	1.20408e-03
5.43750e-02	2.00000e-02	1.11573e-03
5.43750e-02	2.12500e-02	8.89756e-04
5.43750e-02	2.25000e-02	5.71812e-04
5.43750e-02	2.37500e-02	2.32111e-04
5.43750e-02	2.50000e-02	0.00000e+00

5.56250e-02	0.00000e+00	0.00000e+00
5.56250e-02	1.25000e-03	-2.25599e-04
5.56250e-02	2.50000e-03	-5.56991e-04
5.56250e-02	3.75000e-03	-8.69542e-04
5.56250e-02	5.00000e-03	-1.09491e-03
5.56250e-02	6.25000e-03	-1.18792e-03
5.56250e-02	7.50000e-03	-1.12724e-03
5.56250e-02	8.75000e-03	-9.20917e-04
5.56250e-02	1.00000e-02	-6.11594e-04
5.56250e-02	1.12500e-02	-2.80198e-04
5.56250e-02	1.25000e-02	2.08852e-07
5.56250e-02	1.37500e-02	2.80601e-04
5.56250e-02	1.50000e-02	6.11960e-04
5.56250e-02	1.62500e-02	9.21236e-04
5.56250e-02	1.75000e-02	1.12750e-03
5.56250e-02	1.87500e-02	1.18813e-03
5.56250e-02	2.00000e-02	1.09507e-03
5.56250e-02	2.12500e-02	8.69645e-04
5.56250e-02	2.25000e-02	5.57047e-04
5.56250e-02	2.37500e-02	2.25618e-04
5.56250e-02	2.50000e-02	0.00000e+00

5.68750e-02	0.00000e+00	0.00000e+00
5.68750e-02	1.25000e-03	-2.19390e-04
5.68750e-02	2.50000e-03	-5.42823e-04
5.68750e-02	3.75000e-03	-8.50128e-04
5.68750e-02	5.00000e-03	-1.07477e-03
5.68750e-02	6.25000e-03	-1.17211e-03
5.68750e-02	7.50000e-03	-1.11982e-03
5.68750e-02	8.75000e-03	-9.23244e-04
5.68750e-02	1.00000e-02	-6.20812e-04
5.68750e-02	1.12500e-02	-2.88290e-04
5.68750e-02	1.25000e-02	2.20019e-07
5.68750e-02	1.37500e-02	2.88714e-04
5.68750e-02	1.50000e-02	6.21197e-04
5.68750e-02	1.62500e-02	9.23579e-04
5.68750e-02	1.75000e-02	1.12010e-03
5.68750e-02	1.87500e-02	1.17233e-03
5.68750e-02	2.00000e-02	1.07493e-03
5.68750e-02	2.12500e-02	8.50236e-04
5.68750e-02	2.25000e-02	5.42882e-04
5.68750e-02	2.37500e-02	2.19410e-04
5.68750e-02	2.50000e-02	0.00000e+00

5.81250e-02	0.00000e+00	0.00000e+00
5.81250e-02	1.25000e-03	-2.13447e-04
5.81250e-02	2.50000e-03	-5.29219e-04
5.81250e-02	3.75000e-03	-8.31377e-04
5.81250e-02	5.00000e-03	-1.05514e-03
5.81250e-02	6.25000e-03	-1.15645e-03
5.81250e-02	7.50000e-03	-1.11212e-03
5.81250e-02	8.75000e-03	-9.24990e-04
5.81250e-02	1.00000e-02	-6.29533e-04
5.81250e-02	1.12500e-02	-2.96302e-04
5.81250e-02	1.25000e-02	2.31481e-07
5.81250e-02	1.37500e-02	2.96748e-04
5.81250e-02	1.50000e-02	6.29937e-04
5.81250e-02	1.62500e-02	9.25342e-04
5.81250e-02	1.75000e-02	1.11241e-03
5.81250e-02	1.87500e-02	1.15668e-03
5.81250e-02	2.00000e-02	1.05531e-03
5.81250e-02	2.12500e-02	8.31491e-04
5.81250e-02	2.25000e-02	5.29280e-04
5.81250e-02	2.37500e-02	2.13469e-04
5.81250e-02	2.50000e-02	0.00000e+00

5.93750e-02	0.00000e+00	0.00000e+00
5.93750e-02	1.25000e-03	-2.07752e-04
5.93750e-02	2.50000e-03	-5.16140e-04
5.93750e-02	3.75000e-03	-8.13250e-04
5.93750e-02	5.00000e-03	-1.03600e-03
5.93750e-02	6.25000e-03	-1.14092e-03
5.93750e-02	7.50000e-03	-1.10412e-03
5.93750e-02	8.75000e-03	-9.26146e-04
5.93750e-02	1.00000e-02	-6.37709e-04
5.93750e-02	1.12500e-02	-3.04181e-04
5.93750e-02	1.25000e-02	2.43218e-07
5.93750e-02	1.37500e-02	3.04649e-04
5.93750e-02	1.50000e-02	6.38134e-04
5.93750e-02	1.62500e-02	9.26516e-04
5.93750e-02	1.75000e-02	1.10443e-03
5.93750e-02	1.87500e-02	1.14116e-03
5.93750e-02	2.00000e-02	1.03618e-03
5.93750e-02	2.12500e-02	8.13369e-04
5.93750e-02	2.25000e-02	5.16204e-04
5.93750e-02	2.37500e-02	2.07774e-04
5.93750e-02	2.50000e-02	0.00000e+00

6.06250e-02	0.00000e+00	0.00000e+00
6.06250e-02	1.25000e-03	-2.02286e-04
6.06250e-02	2.50000e-03	-5.03551e-04
6.06250e-02	3.75000e-03	-7.95706e-04
6.06250e-02	5.00000e-03	-1.01731e-03
6.06250e-02	6.25000e-03	-1.12552e-03
6.06250e-02	7.50000e-03	-1.09583e-03
6.06250e-02	8.75000e-03	-9.26706e-04
6.06250e-02	1.00000e-02	-6.45298e-04
6.06250e-02	1.12500e-02	-3.11872e-04
6.06250e-02	1.25000e-02	2.55201e-07
6.06250e-02	1.37500e-02	3.12364e-04
6.06250e-02	1.50000e-02	6.45744e-04
6.06250e-02	1.62500e-02	9.27094e-04
6.06250e-02	1.75000e-02	1.09616e-03
6.06250e-02	1.87500e-02	1.12577e-03
6.06250e-02	2.00000e-02	1.01749e-03
6.06250e-02	2.12500e-02	7.95830e-04
6.06250e-02	2.25000e-02	5.03618e-04
6.06250e-02	2.37500e-02	2.02309e-04
6.06250e-02	2.50000e-02	0.00000e+00

6.18750e-02	0.00000e+00	0.00000e+00
6.18750e-02	1.25000e-03	-1.97032e-04
6.18750e-02	2.50000e-03	-4.91415e-04
6.18750e-02	3.75000e-03	-7.78703e-04
6.18750e-02	5.00000e-03	-9.99037e-04
6.18750e-02	6.25000e-03	-1.11022e-03
6.18750e-02	7.50000e-03	-1.08725e-03
6.18750e-02	8.75000e-03	-9.26660e-04
6.18750e-02	1.00000e-02	-6.52259e-04
6.18750e-02	1.12500e-02	-3.19324e-04
6.18750e-02	1.25000e-02	2.67401e-07
6.18750e-02	1.37500e-02	3.19838e-04
6.18750e-02	1.50000e-02	6.52725e-04
6.18750e-02	1.62500e-02	9.27066e-04
6.18750e-02	1.75000e-02	1.08759e-03
6.18750e-02	1.87500e-02	1.11049e-03
6.18750e-02	2.00000e-02	9.99234e-04
6.18750e-02	2.12500e-02	7.78833e-04
6.18750e-02	2.25000e-02	4.91484e-04
6.18750e-02	2.37500e-02	1.97056e-04
6.18750e-02	2.50000e-02	0.00000e+00

6.31250e-02	0.00000e+00	0.00000e+00
6.31250e-02	1.25000e-03	-1.91970e-04
6.31250e-02	2.50000e-03	-4.79692e-04
6.31250e-02	3.75000e-03	-7.62194e-04
6.31250e-02	5.00000e-03	-9.81150e-04
6.31250e-02	6.25000e-03	-1.09501e-03
6.31250e-02	7.50000e-03	-1.07837e-03
6.31250e-02	8.75000e-03	-9.25996e-04
6.31250e-02	1.00000e-02	-6.58552e-04
6.31250e-02	1.12500e-02	-3.26483e-04
6.31250e-02	1.25000e-02	2.79780e-07
6.31250e-02	1.37500e-02	3.27021e-04
6.31250e-02	1.50000e-02	6.59040e-04
6.31250e-02	1.62500e-02	9.26421e-04
6.31250e-02	1.75000e-02	1.07872e-03
6.31250e-02	1.87500e-02	1.09529e-03
6.31250e-02	2.00000e-02	9.81355e-04
6.31250e-02	2.12500e-02	7.62329e-04
6.31250e-02	2.25000e-02	4.79764e-04
6.31250e-02	2.37500e-02	1.91995e-04
6.31250e-02	2.50000e-02	0.00000e+00

6.43750e-02	0.00000e+00	0.00000e+00
6.43750e-02	1.25000e-03	-1.87081e-04
6.43750e-02	2.50000e-03	-4.68341e-04
6.43750e-02	3.75000e-03	-7.46128e-04
6.43750e-02	5.00000e-03	-9.63596e-04
6.43750e-02	6.25000e-03	-1.07986e-03
6.43750e-02	7.50000e-03	-1.06916e-03
6.43750e-02	8.75000e-03	-9.24698e-04
6.43750e-02	1.00000e-02	-6.64142e-04
6.43750e-02	1.12500e-02	-3.33297e-04
6.43750e-02	1.25000e-02	2.92296e-07
6.43750e-02	1.37500e-02	3.33860e-04
6.43750e-02	1.50000e-02	6.64652e-04
6.43750e-02	1.62500e-02	9.25140e-04
6.43750e-02	1.75000e-02	1.06953e-03
6.43750e-02	1.87500e-02	1.08015e-03
6.43750e-02	2.00000e-02	9.63810e-04
6.43750e-02	2.12500e-02	7.46269e-04
6.43750e-02	2.25000e-02	4.68416e-04
6.43750e-02	2.37500e-02	1.87107e-04
6.43750e-02	2.50000e-02	0.00000e+00

6.56250e-02	0.00000e+00	0.00000e+00
6.56250e-02	1.25000e-03	-1.82344e-04
6.56250e-02	2.50000e-03	-4.57317e-04
6.56250e-02	3.75000e-03	-7.30447e-04
6.56250e-02	5.00000e-03	-9.46320e-04
6.56250e-02	6.25000e-03	-1.06471e-03
6.56250e-02	7.50000e-03	-1.05960e-03
6.56250e-02	8.75000e-03	-9.22739e-04
6.56250e-02	1.00000e-02	-6.68989e-04
6.56250e-02	1.12500e-02	-3.39715e-04
6.56250e-02	1.25000e-02	3.04900e-07
6.56250e-02	1.37500e-02	3.40301e-04
6.56250e-02	1.50000e-02	6.69521e-04
6.56250e-02	1.62500e-02	9.23200e-04
6.56250e-02	1.75000e-02	1.05998e-03
6.56250e-02	1.87500e-02	1.06501e-03
6.56250e-02	2.00000e-02	9.46542e-04
6.56250e-02	2.12500e-02	7.30593e-04
6.56250e-02	2.25000e-02	4.57395e-04
6.56250e-02	2.37500e-02	1.82371e-04
6.56250e-02	2.50000e-02	0.00000e+00

6.68750e-02	0.00000e+00	0.00000e+00
6.68750e-02	1.25000e-03	-1.77735e-04
6.68750e-02	2.50000e-03	-4.46568e-04
6.68750e-02	3.75000e-03	-7.15083e-04
6.68750e-02	5.00000e-03	-9.29251e-04
6.68750e-02	6.25000e-03	-1.04951e-03
6.68750e-02	7.50000e-03	-1.04964e-03
6.68750e-02	8.75000e-03	-9.20084e-04
6.68750e-02	1.00000e-02	-6.73050e-04
6.68750e-02	1.12500e-02	-3.45681e-04
6.68750e-02	1.25000e-02	3.17537e-07
6.68750e-02	1.37500e-02	3.46292e-04
6.68750e-02	1.50000e-02	6.73604e-04
6.68750e-02	1.62500e-02	9.20564e-04
6.68750e-02	1.75000e-02	1.05004e-03
6.68750e-02	1.87500e-02	1.04983e-03
6.68750e-02	2.00000e-02	9.29481e-04
6.68750e-02	2.12500e-02	7.15233e-04
6.68750e-02	2.25000e-02	4.46649e-04
6.68750e-02	2.37500e-02	1.77762e-04
6.68750e-02	2.50000e-02	0.00000e+00

6.81250e-02	0.00000e+00	0.00000e+00
6.81250e-02	1.25000e-03	-1.73225e-04
6.81250e-02	2.50000e-03	-4.36033e-04
6.81250e-02	3.75000e-03	-6.99951e-04
6.81250e-02	5.00000e-03	-9.12301e-04
6.81250e-02	6.25000e-03	-1.03418e-03
6.81250e-02	7.50000e-03	-1.03923e-03
6.81250e-02	8.75000e-03	-9.16682e-04
6.81250e-02	1.00000e-02	-6.76275e-04
6.81250e-02	1.12500e-02	-3.51140e-04
6.81250e-02	1.25000e-02	3.30145e-07
6.81250e-02	1.37500e-02	3.51775e-04
6.81250e-02	1.50000e-02	6.76850e-04
6.81250e-02	1.62500e-02	9.17181e-04
6.81250e-02	1.75000e-02	1.03964e-03
6.81250e-02	1.87500e-02	1.03451e-03
6.81250e-02	2.00000e-02	9.12539e-04
6.81250e-02	2.12500e-02	7.00107e-04
6.81250e-02	2.25000e-02	4.36116e-04
6.81250e-02	2.37500e-02	1.73253e-04
6.81250e-02	2.50000e-02	0.00000e+00

6.93750e-02	0.00000e+00	0.00000e+00
6.93750e-02	1.25000e-03	-1.68779e-04
6.93750e-02	2.50000e-03	-4.25637e-04
6.93750e-02	3.75000e-03	-6.84952e-04
6.93750e-02	5.00000e-03	-8.95356e-04
6.93750e-02	6.25000e-03	-1.01861e-03
6.93750e-02	7.50000e-03	-1.02826e-03
6.93750e-02	8.75000e-03	-9.12459e-04
6.93750e-02	1.00000e-02	-6.78600e-04
6.93750e-02	1.12500e-02	-3.56032e-04
6.93750e-02	1.25000e-02	3.42652e-07
6.93750e-02	1.37500e-02	3.56691e-04
6.93750e-02	1.50000e-02	6.79197e-04
6.93750e-02	1.62500e-02	9.12977e-04
6.93750e-02	1.75000e-02	1.02869e-03
6.93750e-02	1.87500e-02	1.01895e-03
6.93750e-02	2.00000e-02	8.95603e-04
6.93750e-02	2.12500e-02	6.85113e-04
6.93750e-02	2.25000e-02	4.25722e-04
6.93750e-02	2.37500e-02	1.68809e-04
6.93750e-02	2.50000e-02	0.00000e+00

7.06250e-02	0.00000e+00	0.00000e+00
7.06250e-02	1.25000e-03	-1.64357e-04
7.06250e-02	2.50000e-03	-4.15288e-04
7.06250e-02	3.75000e-03	-6.69954e-04
7.06250e-02	5.00000e-03	-8.78271e-04
7.06250e-02	6.25000e-03	-1.00266e-03
7.06250e-02	7.50000e-03	-1.01662e-03
7.06250e-02	8.75000e-03	-9.07314e-04
7.06250e-02	1.00000e-02	-6.79944e-04
7.06250e-02	1.12500e-02	-3.60287e-04
7.06250e-02	1.25000e-02	3.54978e-07
7.06250e-02	1.37500e-02	3.60970e-04
7.06250e-02	1.50000e-02	6.80563e-04
7.06250e-02	1.62500e-02	9.07850e-04
7.06250e-02	1.75000e-02	1.01706e-03
7.06250e-02	1.87500e-02	1.00301e-03
7.06250e-02	2.00000e-02	8.78526e-04
7.06250e-02	2.12500e-02	6.70120e-04
7.06250e-02	2.25000e-02	4.15376e-04
7.06250e-02	2.37500e-02	1.64387e-04
7.06250e-02	2.50000e-02	0.00000e+00

7.18750e-02	0.00000e+00	0.00000e+00
7.18750e-02	1.25000e-03	-1.59905e-04
7.18750e-02	2.50000e-03	-4.04868e-04
7.18750e-02	3.75000e-03	-6.54792e-04
7.18750e-02	5.00000e-03	-8.60853e-04
7.18750e-02	6.25000e-03	-9.86134e-04
7.18750e-02	7.50000e-03	-1.00412e-03
7.18750e-02	8.75000e-03	-9.01102e-04
7.18750e-02	1.00000e-02	-6.80200e-04
7.18750e-02	1.12500e-02	-3.63826e-04
7.18750e-02	1.25000e-02	3.67034e-07
7.18750e-02	1.37500e-02	3.64532e-04
7.18750e-02	1.50000e-02	6.80840e-04
7.18750e-02	1.62500e-02	9.01657e-04
7.18750e-02	1.75000e-02	1.00458e-03
7.18750e-02	1.87500e-02	9.86494e-04
7.18750e-02	2.00000e-02	8.61115e-04
7.18750e-02	2.12500e-02	6.54962e-04
7.18750e-02	2.25000e-02	4.04958e-04
7.18750e-02	2.37500e-02	1.59935e-04
7.18750e-02	2.50000e-02	0.00000e+00

7.31250e-02	0.00000e+00	0.00000e+00
7.31250e-02	1.25000e-03	-1.55352e-04
7.31250e-02	2.50000e-03	-3.94226e-04
7.31250e-02	3.75000e-03	-6.39247e-04
7.31250e-02	5.00000e-03	-8.42846e-04
7.31250e-02	6.25000e-03	-9.68771e-04
7.31250e-02	7.50000e-03	-9.90540e-04
7.31250e-02	8.75000e-03	-8.93626e-04
7.31250e-02	1.00000e-02	-6.79220e-04
7.31250e-02	1.12500e-02	-3.66551e-04
7.31250e-02	1.25000e-02	3.78719e-07
7.31250e-02	1.37500e-02	3.67280e-04
7.31250e-02	1.50000e-02	6.79881e-04
7.31250e-02	1.62500e-02	8.94198e-04
7.31250e-02	1.75000e-02	9.91014e-04
7.31250e-02	1.87500e-02	9.69142e-04
7.31250e-02	2.00000e-02	8.43116e-04
7.31250e-02	2.12500e-02	6.39421e-04
7.31250e-02	2.25000e-02	3.94318e-04
7.31250e-02	2.37500e-02	1.55383e-04
7.31250e-02	2.50000e-02	0.00000e+00

7.43750e-02	0.00000e+00	0.00000e+00
7.43750e-02	1.25000e-03	-1.50608e-04
7.43750e-02	2.50000e-03	-3.83159e-04
7.43750e-02	3.75000e-03	-6.23030e-04
7.43750e-02	5.00000e-03	-8.23910e-04
7.43750e-02	6.25000e-03	-9.50219e-04
7.43750e-02	7.50000e-03	-9.75541e-04
7.43750e-02	8.75000e-03	-8.84613e-04
7.43750e-02	1.00000e-02	-6.76806e-04
7.43750e-02	1.12500e-02	-3.68339e-04
7.43750e-02	1.25000e-02	3.89922e-07
7.43750e-02	1.37500e-02	3.69090e-04
7.43750e-02	1.50000e-02	6.77487e-04
7.43750e-02	1.62500e-02	8.85201e-04
7.43750e-02	1.75000e-02	9.76028e-04
7.43750e-02	1.87500e-02	9.50600e-04
7.43750e-02	2.00000e-02	8.24186e-04
7.43750e-02	2.12500e-02	6.23207e-04
7.43750e-02	2.25000e-02	3.83253e-04
7.43750e-02	2.37500e-02	1.50639e-04
7.43750e-02	2.50000e-02	0.00000e+00

7.56250e-02	0.00000e+00	0.00000e+00
7.56250e-02	1.25000e-03	-1.45551e-04
7.56250e-02	2.50000e-03	-3.71400e-04
7.56250e-02	3.75000e-03	-6.05753e-04
7.56250e-02	5.00000e-03	-8.03584e-04
7.56250e-02	6.25000e-03	-9.29999e-04
7.56250e-02	7.50000e-03	-9.58677e-04
7.56250e-02	8.75000e-03	-8.73685e-04
7.56250e-02	1.00000e-02	-6.72686e-04
7.56250e-02	1.12500e-02	-3.69031e-04
7.56250e-02	1.25000e-02	4.00518e-07
7.56250e-02	1.37500e-02	3.69802e-04
7.56250e-02	1.50000e-02	6.73384e-04
7.56250e-02	1.62500e-02	8.74289e-04
7.56250e-02	1.75000e-02	9.59176e-04
7.56250e-02	1.87500e-02	9.30389e-04
7.56250e-02	2.00000e-02	8.03866e-04
7.56250e-02	2.12500e-02	6.05934e-04
7.56250e-02	2.25000e-02	3.71494e-04
7.56250e-02	2.37500e-02	1.45582e-04
7.56250e-02	2.50000e-02	0.00000e+00

7.68750e-02	0.00000e+00	0.00000e+00
7.68750e-02	1.25000e-03	-1.40016e-04
7.68750e-02	2.50000e-03	-3.58587e-04
7.68750e-02	3.75000e-03	-5.86894e-04
7.68750e-02	5.00000e-03	-7.81249e-04
7.68750e-02	6.25000e-03	-9.07460e-04
7.68750e-02	7.50000e-03	-9.39336e-04
7.68750e-02	8.75000e-03	-8.60328e-04
7.68750e-02	1.00000e-02	-6.66485e-04
7.68750e-02	1.12500e-02	-3.68419e-04
7.68750e-02	1.25000e-02	4.10367e-07
7.68750e-02	1.37500e-02	3.69210e-04
7.68750e-02	1.50000e-02	6.67201e-04
7.68750e-02	1.62500e-02	8.60947e-04
7.68750e-02	1.75000e-02	9.39846e-04
7.68750e-02	1.87500e-02	9.07858e-04
7.68750e-02	2.00000e-02	7.81536e-04
7.68750e-02	2.12500e-02	5.87078e-04
7.68750e-02	2.25000e-02	3.58682e-04
7.68750e-02	2.37500e-02	1.40048e-04
7.68750e-02	2.50000e-02	0.00000e+00

7.81250e-02	0.00000e+00	0.00000e+00
7.81250e-02	1.25000e-03	-1.33782e-04
7.81250e-02	2.50000e-03	-3.44230e-04
7.81250e-02	3.75000e-03	-5.65747e-04
7.81250e-02	5.00000e-03	-7.56062e-04
7.81250e-02	6.25000e-03	-8.81719e-04
7.81250e-02	7.50000e-03	-9.16685e-04
7.81250e-02	8.75000e-03	-8.43841e-04
7.81250e-02	1.00000e-02	-6.57697e-04
7.81250e-02	1.12500e-02	-3.66225e-04
7.81250e-02	1.25000e-02	4.19319e-07
7.81250e-02	1.37500e-02	3.67033e-04
7.81250e-02	1.50000e-02	6.58430e-04
7.81250e-02	1.62500e-02	8.44473e-04
7.81250e-02	1.75000e-02	9.17205e-04
7.81250e-02	1.87500e-02	8.82124e-04
7.81250e-02	2.00000e-02	7.56353e-04
7.81250e-02	2.12500e-02	5.65932e-04
7.81250e-02	2.25000e-02	3.44326e-04
7.81250e-02	2.37500e-02	1.33813e-04
7.81250e-02	2.50000e-02	0.00000e+00

7.93750e-02	0.00000e+00	0.00000e+00
7.93750e-02	1.25000e-03	-1.26542e-04
7.93750e-02	2.50000e-03	-3.27662e-04
7.93750e-02	3.75000e-03	-5.41347e-04
7.93750e-02	5.00000e-03	-7.26876e-04
7.93750e-02	6.25000e-03	-8.51575e-04
7.93750e-02	7.50000e-03	-8.89591e-04
7.93750e-02	8.75000e-03	-8.23269e-04
7.93750e-02	1.00000e-02	-6.45633e-04
7.93750e-02	1.12500e-02	-3.62079e-04
7.93750e-02	1.25000e-02	4.27203e-07
7.93750e-02	1.37500e-02	3.62902e-04
7.93750e-02	1.50000e-02	6.46379e-04
7.93750e-02	1.62500e-02	8.23912e-04
7.93750e-02	1.75000e-02	8.90120e-04
7.93750e-02	1.87500e-02	8.51985e-04
7.93750e-02	2.00000e-02	7.27170e-04
7.93750e-02	2.12500e-02	5.41533e-04
7.93750e-02	2.25000e-02	3.27758e-04
7.93750e-02	2.37500e-02	1.26573e-04
7.93750e-02	2.50000e-02	0.00000e+00

8.06250e-02	0.00000e+00	0.00000e+00
8.06250e-02	1.25000e-03	-1.17877e-04
8.06250e-02	2.50000e-03	-3.07963e-04
8.06250e-02	3.75000e-03	-5.12370e-04
8.06250e-02	5.00000e-03	-6.92126e-04
8.06250e-02	6.25000e-03	-8.15391e-04
8.06250e-02	7.50000e-03	-8.56516e-04
8.06250e-02	8.75000e-03	-7.97319e-04
8.06250e-02	1.00000e-02	-6.29359e-04
8.06250e-02	1.12500e-02	-3.55486e-04
8.06250e-02	1.25000e-02	4.33835e-07
8.06250e-02	1.37500e-02	3.56323e-04
8.06250e-02	1.50000e-02	6.30117e-04
8.06250e-02	1.62500e-02	7.97971e-04
8.06250e-02	1.75000e-02	8.57052e-04
8.06250e-02	1.87500e-02	8.15805e-04
8.06250e-02	2.00000e-02	6.92421e-04
8.06250e-02	2.12500e-02	5.12556e-04
8.06250e-02	2.25000e-02	3.08058e-04
8.06250e-02	2.37500e-02	1.17907e-04
8.06250e-02	2.50000e-02	0.00000e+00

8.18750e-02	0.00000e+00	0.00000e+00
8.18750e-02	1.25000e-03	-1.07202e-04
8.18750e-02	2.50000e-03	-2.83860e-04
8.18750e-02	3.75000e-03	-4.76998e-04
8.18750e-02	5.00000e-03	-6.49666e-04
8.18750e-02	6.25000e-03	-7.70942e-04
8.18750e-02	7.50000e-03	-8.15380e-04
8.18750e-02	8.75000e-03	-7.64250e-04
8.18750e-02	1.00000e-02	-6.07627e-04
8.18750e-02	1.12500e-02	-3.45789e-04
8.18750e-02	1.25000e-02	4.39009e-07
8.18750e-02	1.37500e-02	3.46636e-04
8.18750e-02	1.50000e-02	6.08393e-04
8.18750e-02	1.62500e-02	7.64910e-04
8.18750e-02	1.75000e-02	8.15920e-04
8.18750e-02	1.87500e-02	7.71358e-04
8.18750e-02	2.00000e-02	6.49961e-04
8.18750e-02	2.12500e-02	4.77182e-04
8.18750e-02	2.25000e-02	2.83953e-04
8.18750e-02	2.37500e-02	1.07232e-04
8.18750e-02	2.50000e-02	0.00000e+00

8.31250e-02	0.00000e+00	0.00000e+00
8.31250e-02	1.25000e-03	-9.36987e-05
8.31250e-02	2.50000e-03	-2.53576e-04
8.31250e-02	3.75000e-03	-4.32704e-04
8.31250e-02	5.00000e-03	-5.96549e-04
8.31250e-02	6.25000e-03	-7.15196e-04
8.31250e-02	7.50000e-03	-7.63376e-04
8.31250e-02	8.75000e-03	-7.21732e-04
8.31250e-02	1.00000e-02	-5.78771e-04
8.31250e-02	1.12500e-02	-3.32119e-04
8.31250e-02	1.25000e-02	4.42504e-07
8.31250e-02	1.37500e-02	3.32973e-04
8.31250e-02	1.50000e-02	5.79544e-04
8.31250e-02	1.62500e-02	7.22396e-04
8.31250e-02	1.75000e-02	7.63918e-04
8.31250e-02	1.87500e-02	7.15612e-04
8.31250e-02	2.00000e-02	5.96843e-04
8.31250e-02	2.12500e-02	4.32886e-04
8.31250e-02	2.25000e-02	2.53667e-04
8.31250e-02	2.37500e-02	9.37268e-05
8.31250e-02	2.50000e-02	0.00000e+00

8.43750e-02	0.00000e+00	0.00000e+00
8.43750e-02	1.25000e-03	-7.62000e-05
8.43750e-02	2.50000e-03	-2.14606e-04
8.43750e-02	3.75000e-03	-3.75964e-04
8.43750e-02	5.00000e-03	-5.28713e-04
8.43750e-02	6.25000e-03	-6.44031e-04
8.43750e-02	7.50000e-03	-6.96735e-04
8.43750e-02	8.75000e-03	-6.66673e-04
8.43750e-02	1.00000e-02	-5.40604e-04
8.43750e-02	1.12500e-02	-3.13344e-04
8.43750e-02	1.25000e-02	4.44075e-07
8.43750e-02	1.37500e-02	3.14201e-04
8.43750e-02	1.50000e-02	5.41380e-04
8.43750e-02	1.62500e-02	6.67338e-04
8.43750e-02	1.75000e-02	6.97276e-04
8.43750e-02	1.87500e-02	6.44444e-04
8.43750e-02	2.00000e-02	5.29003e-04
8.43750e-02	2.12500e-02	3.76143e-04
8.43750e-02	2.25000e-02	2.14693e-04
8.43750e-02	2.37500e-02	7.62265e-05
8.43750e-02	2.50000e-02	0.00000e+00

8.56250e-02	0.00000e+00	0.00000e+00
8.56250e-02	1.25000e-03	-5.30224e-05
8.56250e-02	2.50000e-03	-1.63362e-04
8.56250e-02	3.75000e-03	-3.01813e-04
8.56250e-02	5.00000e-03	-4.40530e-04
8.56250e-02	6.25000e-03	-5.51845e-04
8.56250e-02	7.50000e-03	-6.10429e-04
8.56250e-02	8.75000e-03	-5.95011e-04
8.56250e-02	1.00000e-02	-4.90291e-04
8.56250e-02	1.12500e-02	-2.88008e-04
8.56250e-02	1.25000e-02	4.43456e-07
8.56250e-02	1.37500e-02	2.88863e-04
8.56250e-02	1.50000e-02	4.91064e-04
8.56250e-02	1.62500e-02	5.95674e-04
8.56250e-02	1.75000e-02	6.10967e-04
8.56250e-02	1.87500e-02	5.52253e-04
8.56250e-02	2.00000e-02	4.40815e-04
8.56250e-02	2.12500e-02	3.01986e-04
8.56250e-02	2.25000e-02	1.63446e-04
8.56250e-02	2.37500e-02	5.30470e-05
8.56250e-02	2.50000e-02	0.00000e+00

8.68750e-02	0.00000e+00	0.00000e+00
8.68750e-02	1.25000e-03	-2.16794e-05
8.68750e-02	2.50000e-03	-9.46303e-05
8.68750e-02	3.75000e-03	-2.03170e-04
8.68750e-02	5.00000e-03	-3.24180e-04
8.68750e-02	6.25000e-03	-4.31052e-04
8.68750e-02	7.50000e-03	-4.97822e-04
8.68750e-02	8.75000e-03	-5.01506e-04
8.68750e-02	1.00000e-02	-4.24232e-04
8.68750e-02	1.12500e-02	-2.54288e-04
8.68750e-02	1.25000e-02	4.40355e-07
8.68750e-02	1.37500e-02	2.55138e-04
8.68750e-02	1.50000e-02	4.25000e-04
8.68750e-02	1.62500e-02	5.02162e-04
8.68750e-02	1.75000e-02	4.98351e-04
8.68750e-02	1.87500e-02	4.31452e-04
8.68750e-02	2.00000e-02	3.24456e-04
8.68750e-02	2.12500e-02	2.03336e-04
8.68750e-02	2.25000e-02	9.47089e-05
8.68750e-02	2.37500e-02	2.17017e-05
8.68750e-02	2.50000e-02	0.00000e+00

8.81250e-02	0.00000e+00	0.00000e+00
8.81250e-02	1.25000e-03	2.16074e-05
8.81250e-02	2.50000e-03	-6.43327e-07
8.81250e-02	3.75000e-03	-6.98018e-05
8.81250e-02	5.00000e-03	-1.68735e-04
8.81250e-02	6.25000e-03	-2.71434e-04
8.81250e-02	7.50000e-03	-3.50276e-04
8.81250e-02	8.75000e-03	-3.79543e-04
8.81250e-02	1.00000e-02	-3.37997e-04
8.81250e-02	1.12500e-02	-2.09973e-04
8.81250e-02	1.25000e-02	4.34446e-07
8.81250e-02	1.37500e-02	2.10812e-04
8.81250e-02	1.50000e-02	3.38754e-04
8.81250e-02	1.62500e-02	3.80187e-04
8.81250e-02	1.75000e-02	3.50794e-04
8.81250e-02	1.87500e-02	2.71823e-04
8.81250e-02	2.00000e-02	1.69000e-04
8.81250e-02	2.12500e-02	6.99586e-05
8.81250e-02	2.25000e-02	7.15637e-07
8.81250e-02	2.37500e-02	-2.15880e-05
8.81250e-02	2.50000e-02	0.00000e+00

8.93750e-02	0.00000e+00	0.00000e+00
8.93750e-02	1.25000e-03	8.28034e-05
8.93750e-02	2.50000e-03	1.30500e-04
8.93750e-02	3.75000e-03	1.13336e-04
8.93750e-02	5.00000e-03	4.11140e-05
8.93750e-02	6.25000e-03	-5.93679e-05
8.93750e-02	7.50000e-03	-1.56815e-04
8.93750e-02	8.75000e-03	-2.21056e-04
8.93750e-02	1.00000e-02	-2.26355e-04
8.93750e-02	1.12500e-02	-1.52510e-04
8.93750e-02	1.25000e-02	4.25362e-07
8.93750e-02	1.37500e-02	1.53331e-04
8.93750e-02	1.50000e-02	2.27095e-04
8.93750e-02	1.62500e-02	2.21684e-04
8.93750e-02	1.75000e-02	1.57317e-04
8.93750e-02	1.87500e-02	5.97418e-05
8.93750e-02	2.00000e-02	-4.08620e-05
8.93750e-02	2.12500e-02	-1.13190e-04
8.93750e-02	2.25000e-02	-1.30435e-04
8.93750e-02	2.37500e-02	-8.27871e-05
8.93750e-02	2.50000e-02	0.00000e+00

9.06250e-02	0.00000e+00	0.00000e+00
9.06250e-02	1.25000e-03	1.71813e-04
9.06250e-02	2.50000e-03	3.17717e-04
9.06250e-02	3.75000e-03	3.68778e-04
9.06250e-02	5.00000e-03	3.26807e-04
9.06250e-02	6.25000e-03	2.22951e-04
9.06250e-02	7.50000e-03	9.59978e-05
9.06250e-02	8.75000e-03	-1.67235e-05
9.06250e-02	1.00000e-02	-8.35254e-05
9.06250e-02	1.12500e-02	-7.91558e-05
9.06250e-02	1.25000e-02	4.12675e-07
9.06250e-02	1.37500e-02	7.99523e-05
9.06250e-02	1.50000e-02	8.42421e-05
9.06250e-02	1.62500e-02	1.73297e-05
9.06250e-02	1.75000e-02	-9.55157e-05
9.06250e-02	1.87500e-02	-2.22596e-04
9.06250e-02	2.00000e-02	-3.26571e-04
9.06250e-02	2.12500e-02	-3.68645e-04
9.06250e-02	2.25000e-02	-3.17660e-04
9.06250e-02	2.37500e-02	-1.71800e-04
9.06250e-02	2.50000e-02	0.00000e+00

9.18750e-02	0.00000e+00	0.00000e+00
9.18750e-02	1.25000e-03	3.06196e-04
9.18750e-02	2.50000e-03	5.92409e-04
9.18750e-02	3.75000e-03	7.30874e-04
9.18750e-02	5.00000e-03	7.18085e-04
9.18750e-02	6.25000e-03	5.97942e-04
9.18750e-02	7.50000e-03	4.23574e-04
9.18750e-02	8.75000e-03	2.43306e-04
9.18750e-02	1.00000e-02	9.62227e-05
9.18750e-02	1.12500e-02	1.26982e-05
9.18750e-02	1.25000e-02	3.95857e-07
9.18750e-02	1.37500e-02	-1.19343e-05
9.18750e-02	1.50000e-02	-9.55362e-05
9.18750e-02	1.62500e-02	-2.42728e-04
9.18750e-02	1.75000e-02	-4.23117e-04
9.18750e-02	1.87500e-02	-5.97608e-04
9.18750e-02	2.00000e-02	-7.17866e-04
9.18750e-02	2.12500e-02	-7.30754e-04
9.18750e-02	2.25000e-02	-5.92361e-04
9.18750e-02	2.37500e-02	-3.06187e-04
9.18750e-02	2.50000e-02	0.00000e+00

9.31250e-02	0.00000e+00	0.00000e+00
9.31250e-02	1.25000e-03	5.19825e-04
9.31250e-02	2.50000e-03	1.00929e-03
9.31250e-02	3.75000e-03	1.25253e-03
9.31250e-02	5.00000e-03	1.25497e-03
9.31250e-02	6.25000e-03	1.09177e-03
9.31250e-02	7.50000e-03	8.41513e-04
9.31250e-02	8.75000e-03	5.67780e-04
9.31250e-02	1.00000e-02	3.17487e-04
9.31250e-02	1.12500e-02	1.25021e-04
9.31250e-02	1.25000e-02	3.74227e-07
9.31250e-02	1.37500e-02	-1.24299e-04
9.31250e-02	1.50000e-02	-3.16839e-04
9.31250e-02	1.62500e-02	-5.67235e-04
9.31250e-02	1.75000e-02	-8.41085e-04
9.31250e-02	1.87500e-02	-1.09146e-03
9.31250e-02	2.00000e-02	-1.25477e-03
9.31250e-02	2.12500e-02	-1.25243e-03
9.31250e-02	2.25000e-02	-1.00925e-03
9.31250e-02	2.37500e-02	-5.19820e-04
9.31250e-02	2.50000e-02	0.00000e+00

9.43750e-02	0.00000e+00	0.00000e+00
9.43750e-02	1.25000e-03	8.84970e-04
9.43750e-02	2.50000e-03	1.66799e-03
9.43750e-02	3.75000e-03	2.01419e-03
9.43750e-02	5.00000e-03	1.98717e-03
9.43750e-02	6.25000e-03	1.73012e-03
9.43750e-02	7.50000e-03	1.36136e-03
9.43750e-02	8.75000e-03	9.61433e-04
9.43750e-02	1.00000e-02	5.82173e-04
9.43750e-02	1.12500e-02	2.58529e-04
9.43750e-02	1.25000e-02	3.46849e-07
9.43750e-02	1.37500e-02	-2.57860e-04
9.43750e-02	1.50000e-02	-5.81572e-04
9.43750e-02	1.62500e-02	-9.60929e-04
9.43750e-02	1.75000e-02	-1.36097e-03
9.43750e-02	1.87500e-02	-1.72984e-03
9.43750e-02	2.00000e-02	-1.98699e-03
9.43750e-02	2.12500e-02	-2.01410e-03
9.43750e-02	2.25000e-02	-1.66796e-03
9.43750e-02	2.37500e-02	-8.84968e-04
9.43750e-02	2.50000e-02	0.00000e+00

9.56250e-02	0.00000e+00	0.00000e+00
9.56250e-02	1.25000e-03	1.57732e-03
9.56250e-02	2.50000e-03	2.75627e-03
9.56250e-02	3.75000e-03	3.13047e-03
9.56250e-02	5.00000e-03	2.96423e-03
9.56250e-02	6.25000e-03	2.52667e-03
9.56250e-02	7.50000e-03	1.98271e-03
9.56250e-02	8.75000e-03	1.42087e-03
9.56250e-02	1.00000e-02	8.87920e-04
9.56250e-02	1.12500e-02	4.12327e-04
9.56250e-02	1.25000e-02	3.12379e-07
9.56250e-02	1.37500e-02	-4.11724e-04
9.56250e-02	1.50000e-02	-8.87378e-04
9.56250e-02	1.62500e-02	-1.42041e-03
9.56250e-02	1.75000e-02	-1.98235e-03
9.56250e-02	1.87500e-02	-2.52641e-03
9.56250e-02	2.00000e-02	-2.96406e-03
9.56250e-02	2.12500e-02	-3.13039e-03
9.56250e-02	2.25000e-02	-2.75625e-03
9.56250e-02	2.37500e-02	-1.57732e-03
9.56250e-02	2.50000e-02	0.00000e+00

9.68750e-02	0.00000e+00	0.00000e+00
9.68750e-02	1.25000e-03	3.01606e-03
9.68750e-02	2.50000e-03	4.56027e-03
9.68750e-02	3.75000e-03	4.69399e-03
9.68750e-02	5.00000e-03	4.18047e-03
9.68750e-02	6.25000e-03	3.44799e-03
9.68750e-02	7.50000e-03	2.67532e-03
9.68750e-02	8.75000e-03	1.92750e-03
9.68750e-02	1.00000e-02	1.22660e-03
9.68750e-02	1.12500e-02	5.84313e-04
9.68750e-02	1.25000e-02	2.68792e-07
9.68750e-02	1.37500e-02	-5.83792e-04
9.68750e-02	1.50000e-02	-1.22613e-03
9.68750e-02	1.62500e-02	-1.92710e-03
9.68750e-02	1.75000e-02	-2.67500e-03
9.68750e-02	1.87500e-02	-3.44775e-03
9.68750e-02	2.00000e-02	-4.18032e-03
9.68750e-02	2.12500e-02	-4.69391e-03
9.68750e-02	2.25000e-02	-4.56025e-03
9.68750e-02	2.37500e-02	-3.01607e-03
9.68750e-02	2.50000e-02	0.00000e+00

9.81250e-02	0.00000e+00	0.00000e+00
9.81250e-02	1.25000e-03	6.57052e-03
9.81250e-02	2.50000e-03	7.56878e-03
9.81250e-02	3.75000e-03	6.71026e-03
9.81250e-02	5.00000e-03	5.51640e-03
9.81250e-02	6.25000e-03	4.38443e-03
9.81250e-02	7.50000e-03	3.36874e-03
9.81250e-02	8.75000e-03	2.44615e-03
9.81250e-02	1.00000e-02	1.58715e-03
9.81250e-02	1.12500e-02	7.74761e-04
9.81250e-02	1.25000e-02	2.13126e-07
9.81250e-02	1.37500e-02	-7.74346e-04
9.81250e-02	1.50000e-02	-1.58677e-03
9.81250e-02	1.62500e-02	-2.44581e-03
9.81250e-02	1.75000e-02	-3.36846e-03
9.81250e-02	1.87500e-02	-4.38421e-03
9.81250e-02	2.00000e-02	-5.51624e-03
9.81250e-02	2.12500e-02	-6.71017e-03
9.81250e-02	2.25000e-02	-7.56876e-03
9.81250e-02	2.37500e-02	-6.57055e-03
9.81250e-02	2.50000e-02	0.00000e+00

9.93750e-02	0.00000e+00	0.00000e+00
9.93750e-02	1.25000e-03	-1.42529e-10
9.93750e-02	2.50000e-03	-2.09035e-10
9.93750e-02	3.75000e-03	-2.61691e-10
9.93750e-02	5.00000e-03	-3.29346e-10
9.93750e-02	6.25000e-03	-4.16839e-10
9.93750e-02	7.50000e-03	-5.16880e-10
9.93750e-02	8.75000e-03	-6.15050e-10
9.93750e-02	1.00000e-02	-6.93111e-10
9.93750e-02	1.12500e-02	-7.35368e-10
9.93750e-02	1.25000e-02	-7.46327e-10
9.93750e-02	1.37500e-02	-7.35348e-10
9.93750e-02	1.50000e-02	-6.92843e-10
9.93750e-02	1.62500e-02	-6.14363e-10
9.93750e-02	1.75000e-02	-5.15879e-10
9.93750e-02	1.87500e-02	-4.15991e-10
9.93750e-02	2.00000e-02	-3.29412e-10
9.93750e-02	2.12500e-02	-2.63325e-10
9.93750e-02	2.25000e-02	-2.11819e-10
9.93750e-02	2.37500e-02	-1.43797e-10
9.93750e-02	2.50000e-02	0.00000e+00

1.00000e-01	0.00000e+00	0.00000e+00
1.00000e-01	1.25000e-03	-1.42529e-10
1.00000e-01	2.50000e-03	-2.09035e-10
1.00000e-01	3.75000e-03	-2.61691e-10
1.00000e-01	5.00000e-03	-3.29346e-10
1.00000e-01	6.25000e-03	-4.16839e-10
1.00000e-01	7.50000e-03	-5.16880e-10
1.00000e-01	8.75000e-03	-6.15050e-10
1.00000e-01	1.00000e-02	-6.93111e-10
1.00000e-01	1.12500e-02	-7.35368e-10
1.00000e-01	1.25000e-02	-7.46327e-10
1.00000e-01	1.37500e-02	-7.35348e-10
1.00000e-01	1.50000e-02	-6.92843e-10
1.00000e-01	1.62500e-02	-6.14363e-10
1.00000e-01	1.75000e-02	-5.15879e-10
1.00000e-01	1.87500e-02	-4.15991e-10
1.00000e-01	2.00000e-02	-3.29412e-10
1.00000e-01	2.12500e-02	-2.63325e-10
1.00000e-01	2.25000e-02	-2.11819e-10
1.00000e-01	2.37500e-02	-1.43797e-10
1.00000e-01	2.50000e-02	0.00000e+00

