6.25000e-04	6.25000e-04	4.68000e+01
6.25000e-04	1.87500e-03	4.50329e+01
6.25000e-04	3.12500e-03	3.96330e+01
6.25000e-04	4.37500e-03	3.47206e+01
6.25000e-04	5.62500e-03	2.96378e+01
6.25000e-04	6.87500e-03	2.45828e+01
6.25000e-04	8.12500e-03	1.95923e+01
6.25000e-04	9.37500e-03	1.46558e+01
6.25000e-04	1.06250e-02	9.75437e+00
6.25000e-04	1.18750e-02	4.87277e+00
6.25000e-04	1.31250e-02	-1.69755e-06
6.25000e-04	1.43750e-02	-4.87278e+00
6.25000e-04	1.56250e-02	-9.75437e+00
6.25000e-04	1.68750e-02	-1.46558e+01
6.25000e-04	1.81250e-02	-1.95923e+01
6.25000e-04	1.93750e-02	-2.45828e+01
6.25000e-04	2.06250e-02	-2.96378e+01
6.25000e-04	2.18750e-02	-3.47206e+01
6.25000e-04	2.31250e-02	-3.96330e+01
6.25000e-04	2.43750e-02	-4.50329e+01

1.87500e-03	6.25000e-04	4.86329e+01
1.87500e-03	1.87500e-03	4.19659e+01
1.87500e-03	3.12500e-03	3.89008e+01
1.87500e-03	4.37500e-03	3.38461e+01
1.87500e-03	5.62500e-03	2.91230e+01
1.87500e-03	6.87500e-03	2.42741e+01
1.87500e-03	8.12500e-03	1.94000e+01
1.87500e-03	9.37500e-03	1.45338e+01
1.87500e-03	1.06250e-02	9.68116e+00
1.87500e-03	1.18750e-02	4.83824e+00
1.87500e-03	1.31250e-02	-8.55605e-07
1.87500e-03	1.43750e-02	-4.83824e+00
1.87500e-03	1.56250e-02	-9.68117e+00
1.87500e-03	1.68750e-02	-1.45338e+01
1.87500e-03	1.81250e-02	-1.94000e+01
1.87500e-03	1.93750e-02	-2.42741e+01
1.87500e-03	2.06250e-02	-2.91230e+01
1.87500e-03	2.18750e-02	-3.38461e+01
1.87500e-03	2.31250e-02	-3.89008e+01
1.87500e-03	2.43750e-02	-4.19659e+01

3.12500e-03	6.25000e-04	5.04305e+01
3.12500e-03	1.87500e-03	4.09382e+01
3.12500e-03	3.12500e-03	3.88270e+01
3.12500e-03	4.37500e-03	3.35456e+01
3.12500e-03	5.62500e-03	2.90064e+01
3.12500e-03	6.87500e-03	2.42527e+01
3.12500e-03	8.12500e-03	1.94084e+01
3.12500e-03	9.37500e-03	1.45451e+01
3.12500e-03	1.06250e-02	9.68857e+00
3.12500e-03	1.18750e-02	4.84164e+00
3.12500e-03	1.31250e-02	-8.40483e-07
3.12500e-03	1.43750e-02	-4.84165e+00
3.12500e-03	1.56250e-02	-9.68857e+00
3.12500e-03	1.68750e-02	-1.45451e+01
3.12500e-03	1.81250e-02	-1.94084e+01
3.12500e-03	1.93750e-02	-2.42527e+01
3.12500e-03	2.06250e-02	-2.90064e+01
3.12500e-03	2.18750e-02	-3.35456e+01
3.12500e-03	2.31250e-02	-3.88270e+01
3.12500e-03	2.43750e-02	-4.09382e+01

4.37500e-03	6.25000e-04	5.19854e+01
4.37500e-03	1.87500e-03	4.04147e+01
4.37500e-03	3.12500e-03	3.86229e+01
4.37500e-03	4.37500e-03	3.32317e+01
4.37500e-03	5.62500e-03	2.88692e+01
4.37500e-03	6.87500e-03	2.42262e+01
4.37500e-03	8.12500e-03	1.94211e+01
4.37500e-03	9.37500e-03	1.45619e+01
4.37500e-03	1.06250e-02	9.69979e+00
4.37500e-03	1.18750e-02	4.84680e+00
4.37500e-03	1.31250e-02	-8.04486e-07
4.37500e-03	1.43750e-02	-4.84680e+00
4.37500e-03	1.56250e-02	-9.69979e+00
4.37500e-03	1.68750e-02	-1.45619e+01
4.37500e-03	1.81250e-02	-1.94211e+01
4.37500e-03	1.93750e-02	-2.42262e+01
4.37500e-03	2.06250e-02	-2.88692e+01
4.37500e-03	2.18750e-02	-3.32317e+01
4.37500e-03	2.31250e-02	-3.86229e+01
4.37500e-03	2.43750e-02	-4.04147e+01

5.62500e-03	6.25000e-04	5.33337e+01
5.62500e-03	1.87500e-03	4.02007e+01
5.62500e-03	3.12500e-03	3.83265e+01
5.62500e-03	4.37500e-03	3.29044e+01
5.62500e-03	5.62500e-03	2.87126e+01
5.62500e-03	6.87500e-03	2.41935e+01
5.62500e-03	8.12500e-03	1.94374e+01
5.62500e-03	9.37500e-03	1.45846e+01
5.62500e-03	1.06250e-02	9.71522e+00
5.62500e-03	1.18750e-02	4.85393e+00
5.62500e-03	1.31250e-02	-7.45533e-07
5.62500e-03	1.43750e-02	-4.85393e+00
5.62500e-03	1.56250e-02	-9.71522e+00
5.62500e-03	1.68750e-02	-1.45846e+01
5.62500e-03	1.81250e-02	-1.94374e+01
5.62500e-03	1.93750e-02	-2.41935e+01
5.62500e-03	2.06250e-02	-2.87126e+01
5.62500e-03	2.18750e-02	-3.29044e+01
5.62500e-03	2.31250e-02	-3.83265e+01
5.62500e-03	2.43750e-02	-4.02007e+01

6.87500e-03	6.25000e-04	5.45560e+01
6.87500e-03	1.87500e-03	4.01574e+01
6.87500e-03	3.12500e-03	3.79743e+01
6.87500e-03	4.37500e-03	3.25676e+01
6.87500e-03	5.62500e-03	2.85385e+01
6.87500e-03	6.87500e-03	2.41537e+01
6.87500e-03	8.12500e-03	1.94564e+01
6.87500e-03	9.37500e-03	1.46132e+01
6.87500e-03	1.06250e-02	9.73517e+00
6.87500e-03	1.18750e-02	4.86322e+00
6.87500e-03	1.31250e-02	-6.61251e-07
6.87500e-03	1.43750e-02	-4.86322e+00
6.87500e-03	1.56250e-02	-9.73517e+00
6.87500e-03	1.68750e-02	-1.46132e+01
6.87500e-03	1.81250e-02	-1.94564e+01
6.87500e-03	1.93750e-02	-2.41537e+01
6.87500e-03	2.06250e-02	-2.85385e+01
6.87500e-03	2.18750e-02	-3.25676e+01
6.87500e-03	2.31250e-02	-3.79743e+01
6.87500e-03	2.43750e-02	-4.01574e+01

8.12500e-03	6.25000e-04	5.57168e+01
8.12500e-03	1.87500e-03	4.02003e+01
8.12500e-03	3.12500e-03	3.75916e+01
8.12500e-03	4.37500e-03	3.22256e+01
8.12500e-03	5.62500e-03	2.83488e+01
8.12500e-03	6.87500e-03	2.41057e+01
8.12500e-03	8.12500e-03	1.94773e+01
8.12500e-03	9.37500e-03	1.46475e+01
8.12500e-03	1.06250e-02	9.75988e+00
8.12500e-03	1.18750e-02	4.87485e+00
8.12500e-03	1.31250e-02	-5.48945e-07
8.12500e-03	1.43750e-02	-4.87486e+00
8.12500e-03	1.56250e-02	-9.75989e+00
8.12500e-03	1.68750e-02	-1.46475e+01
8.12500e-03	1.81250e-02	-1.94773e+01
8.12500e-03	1.93750e-02	-2.41057e+01
8.12500e-03	2.06250e-02	-2.83488e+01
8.12500e-03	2.18750e-02	-3.22256e+01
8.12500e-03	2.31250e-02	-3.75916e+01
8.12500e-03	2.43750e-02	-4.02003e+01

9.37500e-03	6.25000e-04	5.68555e+01
9.37500e-03	1.87500e-03	4.02823e+01
9.37500e-03	3.12500e-03	3.71949e+01
9.37500e-03	4.37500e-03	3.18821e+01
9.37500e-03	5.62500e-03	2.81460e+01
9.37500e-03	6.87500e-03	2.40489e+01
9.37500e-03	8.12500e-03	1.94989e+01
9.37500e-03	9.37500e-03	1.46873e+01
9.37500e-03	1.06250e-02	9.78956e+00
9.37500e-03	1.18750e-02	4.88901e+00
9.37500e-03	1.31250e-02	-4.05581e-07
9.37500e-03	1.43750e-02	-4.88901e+00
9.37500e-03	1.56250e-02	-9.78956e+00
9.37500e-03	1.68750e-02	-1.46873e+01
9.37500e-03	1.81250e-02	-1.94989e+01
9.37500e-03	1.93750e-02	-2.40489e+01
9.37500e-03	2.06250e-02	-2.81460e+01
9.37500e-03	2.18750e-02	-3.18821e+01
9.37500e-03	2.31250e-02	-3.71949e+01
9.37500e-03	2.43750e-02	-4.02824e+01

1.06250e-02	6.25000e-04	5.79914e+01
1.06250e-02	1.87500e-03	4.03789e+01
1.06250e-02	3.12500e-03	3.67952e+01
1.06250e-02	4.37500e-03	3.15400e+01
1.06250e-02	5.62500e-03	2.79323e+01
1.06250e-02	6.87500e-03	2.39829e+01
1.06250e-02	8.12500e-03	1.95203e+01
1.06250e-02	9.37500e-03	1.47322e+01
1.06250e-02	1.06250e-02	9.82432e+00
1.06250e-02	1.18750e-02	4.90583e+00
1.06250e-02	1.31250e-02	-2.27749e-07
1.06250e-02	1.43750e-02	-4.90583e+00
1.06250e-02	1.56250e-02	-9.82432e+00
1.06250e-02	1.68750e-02	-1.47322e+01
1.06250e-02	1.81250e-02	-1.95203e+01
1.06250e-02	1.93750e-02	-2.39829e+01
1.06250e-02	2.06250e-02	-2.79323e+01
1.06250e-02	2.18750e-02	-3.15400e+01
1.06250e-02	2.31250e-02	-3.67952e+01
1.06250e-02	2.43750e-02	-4.03789e+01

1.18750e-02	6.25000e-04	5.91301e+01
1.18750e-02	1.87500e-03	4.04786e+01
1.18750e-02	3.12500e-03	3.64000e+01
1.18750e-02	4.37500e-03	3.12012e+01
1.18750e-02	5.62500e-03	2.77100e+01
1.18750e-02	6.87500e-03	2.39076e+01
1.18750e-02	8.12500e-03	1.95403e+01
1.18750e-02	9.37500e-03	1.47818e+01
1.18750e-02	1.06250e-02	9.86422e+00
1.18750e-02	1.18750e-02	4.92545e+00
1.18750e-02	1.31250e-02	-1.16346e-08
1.18750e-02	1.43750e-02	-4.92545e+00
1.18750e-02	1.56250e-02	-9.86422e+00
1.18750e-02	1.68750e-02	-1.47818e+01
1.18750e-02	1.81250e-02	-1.95403e+01
1.18750e-02	1.93750e-02	-2.39076e+01
1.18750e-02	2.06250e-02	-2.77100e+01
1.18750e-02	2.18750e-02	-3.12012e+01
1.18750e-02	2.31250e-02	-3.64000e+01
1.18750e-02	2.43750e-02	-4.04786e+01

1.31250e-02	6.25000e-04	6.02696e+01
1.31250e-02	1.87500e-03	4.05768e+01
1.31250e-02	3.12500e-03	3.60147e+01
1.31250e-02	4.37500e-03	3.08668e+01
1.31250e-02	5.62500e-03	2.74811e+01
1.31250e-02	6.87500e-03	2.38231e+01
1.31250e-02	8.12500e-03	1.95580e+01
1.31250e-02	9.37500e-03	1.48354e+01
1.31250e-02	1.06250e-02	9.90924e+00
1.31250e-02	1.18750e-02	4.94798e+00
1.31250e-02	1.31250e-02	2.47019e-07
1.31250e-02	1.43750e-02	-4.94798e+00
1.31250e-02	1.56250e-02	-9.90924e+00
1.31250e-02	1.68750e-02	-1.48354e+01
1.31250e-02	1.81250e-02	-1.95580e+01
1.31250e-02	1.93750e-02	-2.38231e+01
1.31250e-02	2.06250e-02	-2.74811e+01
1.31250e-02	2.18750e-02	-3.08668e+01
1.31250e-02	2.31250e-02	-3.60147e+01
1.31250e-02	2.43750e-02	-4.05768e+01

1.43750e-02	6.25000e-04	6.14041e+01
1.43750e-02	1.87500e-03	4.06727e+01
1.43750e-02	3.12500e-03	3.56431e+01
1.43750e-02	4.37500e-03	3.05375e+01
1.43750e-02	5.62500e-03	2.72472e+01
1.43750e-02	6.87500e-03	2.37295e+01
1.43750e-02	8.12500e-03	1.95724e+01
1.43750e-02	9.37500e-03	1.48924e+01
1.43750e-02	1.06250e-02	9.95934e+00
1.43750e-02	1.18750e-02	4.97353e+00
1.43750e-02	1.31250e-02	5.52954e-07
1.43750e-02	1.43750e-02	-4.97353e+00
1.43750e-02	1.56250e-02	-9.95934e+00
1.43750e-02	1.68750e-02	-1.48924e+01
1.43750e-02	1.81250e-02	-1.95724e+01
1.43750e-02	1.93750e-02	-2.37295e+01
1.43750e-02	2.06250e-02	-2.72472e+01
1.43750e-02	2.18750e-02	-3.05375e+01
1.43750e-02	2.31250e-02	-3.56431e+01
1.43750e-02	2.43750e-02	-4.06728e+01

1.56250e-02	6.25000e-04	6.25267e+01
1.56250e-02	1.87500e-03	4.07672e+01
1.56250e-02	3.12500e-03	3.52880e+01
1.56250e-02	4.37500e-03	3.02139e+01
1.56250e-02	5.62500e-03	2.70099e+01
1.56250e-02	6.87500e-03	2.36273e+01
1.56250e-02	8.12500e-03	1.95828e+01
1.56250e-02	9.37500e-03	1.49521e+01
1.56250e-02	1.06250e-02	1.00144e+01
1.56250e-02	1.18750e-02	5.00218e+00
1.56250e-02	1.31250e-02	9.11441e-07
1.56250e-02	1.43750e-02	-5.00218e+00
1.56250e-02	1.56250e-02	-1.00144e+01
1.56250e-02	1.68750e-02	-1.49521e+01
1.56250e-02	1.81250e-02	-1.95828e+01
1.56250e-02	1.93750e-02	-2.36273e+01
1.56250e-02	2.06250e-02	-2.70099e+01
1.56250e-02	2.18750e-02	-3.02139e+01
1.56250e-02	2.31250e-02	-3.52880e+01
1.56250e-02	2.43750e-02	-4.07672e+01

1.68750e-02	6.25000e-04	6.36306e+01
1.68750e-02	1.87500e-03	4.08613e+01
1.68750e-02	3.12500e-03	3.49515e+01
1.68750e-02	4.37500e-03	2.98967e+01
1.68750e-02	5.62500e-03	2.67701e+01
1.68750e-02	6.87500e-03	2.35169e+01
1.68750e-02	8.12500e-03	1.95883e+01
1.68750e-02	9.37500e-03	1.50138e+01
1.68750e-02	1.06250e-02	1.00742e+01
1.68750e-02	1.18750e-02	5.03399e+00
1.68750e-02	1.31250e-02	1.32833e-06
1.68750e-02	1.43750e-02	-5.03399e+00
1.68750e-02	1.56250e-02	-1.00742e+01
1.68750e-02	1.68750e-02	-1.50138e+01
1.68750e-02	1.81250e-02	-1.95883e+01
1.68750e-02	1.93750e-02	-2.35169e+01
1.68750e-02	2.06250e-02	-2.67701e+01
1.68750e-02	2.18750e-02	-2.98967e+01
1.68750e-02	2.31250e-02	-3.49515e+01
1.68750e-02	2.43750e-02	-4.08613e+01

1.81250e-02	6.25000e-04	6.47097e+01
1.81250e-02	1.87500e-03	4.09564e+01
1.81250e-02	3.12500e-03	3.46347e+01
1.81250e-02	4.37500e-03	2.95862e+01
1.81250e-02	5.62500e-03	2.65289e+01
1.81250e-02	6.87500e-03	2.33987e+01
1.81250e-02	8.12500e-03	1.95884e+01
1.81250e-02	9.37500e-03	1.50768e+01
1.81250e-02	1.06250e-02	1.01386e+01
1.81250e-02	1.18750e-02	5.06902e+00
1.81250e-02	1.31250e-02	1.81008e-06
1.81250e-02	1.43750e-02	-5.06901e+00
1.81250e-02	1.56250e-02	-1.01386e+01
1.81250e-02	1.68750e-02	-1.50768e+01
1.81250e-02	1.81250e-02	-1.95884e+01
1.81250e-02	1.93750e-02	-2.33987e+01
1.81250e-02	2.06250e-02	-2.65289e+01
1.81250e-02	2.18750e-02	-2.95862e+01
1.81250e-02	2.31250e-02	-3.46347e+01
1.81250e-02	2.43750e-02	-4.09564e+01

1.93750e-02	6.25000e-04	6.57596e+01
1.93750e-02	1.87500e-03	4.10533e+01
1.93750e-02	3.12500e-03	3.43383e+01
1.93750e-02	4.37500e-03	2.92831e+01
1.93750e-02	5.62500e-03	2.62871e+01
1.93750e-02	6.87500e-03	2.32734e+01
1.93750e-02	8.12500e-03	1.95825e+01
1.93750e-02	9.37500e-03	1.51402e+01
1.93750e-02	1.06250e-02	1.02073e+01
1.93750e-02	1.18750e-02	5.10728e+00
1.93750e-02	1.31250e-02	2.36385e-06
1.93750e-02	1.43750e-02	-5.10728e+00
1.93750e-02	1.56250e-02	-1.02073e+01
1.93750e-02	1.68750e-02	-1.51402e+01
1.93750e-02	1.81250e-02	-1.95825e+01
1.93750e-02	1.93750e-02	-2.32734e+01
1.93750e-02	2.06250e-02	-2.62871e+01
1.93750e-02	2.18750e-02	-2.92831e+01
1.93750e-02	2.31250e-02	-3.43383e+01
1.93750e-02	2.43750e-02	-4.10533e+01

2.06250e-02	6.25000e-04	6.67768e+01
2.06250e-02	1.87500e-03	4.11525e+01
2.06250e-02	3.12500e-03	3.40623e+01
2.06250e-02	4.37500e-03	2.89880e+01
2.06250e-02	5.62500e-03	2.60452e+01
2.06250e-02	6.87500e-03	2.31414e+01
2.06250e-02	8.12500e-03	1.95702e+01
2.06250e-02	9.37500e-03	1.52033e+01
2.06250e-02	1.06250e-02	1.02800e+01
2.06250e-02	1.18750e-02	5.14879e+00
2.06250e-02	1.31250e-02	2.99751e-06
2.06250e-02	1.43750e-02	-5.14878e+00
2.06250e-02	1.56250e-02	-1.02800e+01
2.06250e-02	1.68750e-02	-1.52033e+01
2.06250e-02	1.81250e-02	-1.95702e+01
2.06250e-02	1.93750e-02	-2.31414e+01
2.06250e-02	2.06250e-02	-2.60452e+01
2.06250e-02	2.18750e-02	-2.89880e+01
2.06250e-02	2.31250e-02	-3.40624e+01
2.06250e-02	2.43750e-02	-4.11525e+01

2.18750e-02	6.25000e-04	6.77593e+01
2.18750e-02	1.87500e-03	4.12542e+01
2.18750e-02	3.12500e-03	3.38067e+01
2.18750e-02	4.37500e-03	2.87016e+01
2.18750e-02	5.62500e-03	2.58040e+01
2.18750e-02	6.87500e-03	2.30033e+01
2.18750e-02	8.12500e-03	1.95511e+01
2.18750e-02	9.37500e-03	1.52654e+01
2.18750e-02	1.06250e-02	1.03563e+01
2.18750e-02	1.18750e-02	5.19353e+00
2.18750e-02	1.31250e-02	3.71976e-06
2.18750e-02	1.43750e-02	-5.19352e+00
2.18750e-02	1.56250e-02	-1.03563e+01
2.18750e-02	1.68750e-02	-1.52654e+01
2.18750e-02	1.81250e-02	-1.95511e+01
2.18750e-02	1.93750e-02	-2.30033e+01
2.18750e-02	2.06250e-02	-2.58040e+01
2.18750e-02	2.18750e-02	-2.87016e+01
2.18750e-02	2.31250e-02	-3.38067e+01
2.18750e-02	2.43750e-02	-4.12542e+01

2.31250e-02	6.25000e-04	6.87059e+01
2.31250e-02	1.87500e-03	4.13584e+01
2.31250e-02	3.12500e-03	3.35706e+01
2.31250e-02	4.37500e-03	2.84244e+01
2.31250e-02	5.62500e-03	2.55640e+01
2.31250e-02	6.87500e-03	2.28597e+01
2.31250e-02	8.12500e-03	1.95250e+01
2.31250e-02	9.37500e-03	1.53256e+01
2.31250e-02	1.06250e-02	1.04358e+01
2.31250e-02	1.18750e-02	5.24146e+00
2.31250e-02	1.31250e-02	4.54011e-06
2.31250e-02	1.43750e-02	-5.24145e+00
2.31250e-02	1.56250e-02	-1.04358e+01
2.31250e-02	1.68750e-02	-1.53256e+01
2.31250e-02	1.81250e-02	-1.95250e+01
2.31250e-02	1.93750e-02	-2.28597e+01
2.31250e-02	2.06250e-02	-2.55640e+01
2.31250e-02	2.18750e-02	-2.84244e+01
2.31250e-02	2.31250e-02	-3.35706e+01
2.31250e-02	2.43750e-02	-4.13585e+01

2.43750e-02	6.25000e-04	6.96164e+01
2.43750e-02	1.87500e-03	4.14649e+01
2.43750e-02	3.12500e-03	3.33533e+01
2.43750e-02	4.37500e-03	2.81570e+01
2.43750e-02	5.62500e-03	2.53259e+01
2.43750e-02	6.87500e-03	2.27110e+01
2.43750e-02	8.12500e-03	1.94917e+01
2.43750e-02	9.37500e-03	1.53832e+01
2.43750e-02	1.06250e-02	1.05181e+01
2.43750e-02	1.18750e-02	5.29254e+00
2.43750e-02	1.31250e-02	5.46903e-06
2.43750e-02	1.43750e-02	-5.29253e+00
2.43750e-02	1.56250e-02	-1.05181e+01
2.43750e-02	1.68750e-02	-1.53832e+01
2.43750e-02	1.81250e-02	-1.94917e+01
2.43750e-02	1.93750e-02	-2.27110e+01
2.43750e-02	2.06250e-02	-2.53259e+01
2.43750e-02	2.18750e-02	-2.81570e+01
2.43750e-02	2.31250e-02	-3.33533e+01
2.43750e-02	2.43750e-02	-4.14649e+01

2.56250e-02	6.25000e-04	7.04911e+01
2.56250e-02	1.87500e-03	4.15732e+01
2.56250e-02	3.12500e-03	3.31538e+01
2.56250e-02	4.37500e-03	2.78997e+01
2.56250e-02	5.62500e-03	2.50903e+01
2.56250e-02	6.87500e-03	2.25578e+01
2.56250e-02	8.12500e-03	1.94512e+01
2.56250e-02	9.37500e-03	1.54375e+01
2.56250e-02	1.06250e-02	1.06027e+01
2.56250e-02	1.18750e-02	5.34668e+00
2.56250e-02	1.31250e-02	6.51796e-06
2.56250e-02	1.43750e-02	-5.34667e+00
2.56250e-02	1.56250e-02	-1.06027e+01
2.56250e-02	1.68750e-02	-1.54375e+01
2.56250e-02	1.81250e-02	-1.94512e+01
2.56250e-02	1.93750e-02	-2.25578e+01
2.56250e-02	2.06250e-02	-2.50903e+01
2.56250e-02	2.18750e-02	-2.78997e+01
2.56250e-02	2.31250e-02	-3.31538e+01
2.56250e-02	2.43750e-02	-4.15732e+01

2.68750e-02	6.25000e-04	7.13309e+01
2.68750e-02	1.87500e-03	4.16829e+01
2.68750e-02	3.12500e-03	3.29710e+01
2.68750e-02	4.37500e-03	2.76529e+01
2.68750e-02	5.62500e-03	2.48577e+01
2.68750e-02	6.87500e-03	2.24007e+01
2.68750e-02	8.12500e-03	1.94033e+01
2.68750e-02	9.37500e-03	1.54879e+01
2.68750e-02	1.06250e-02	1.06892e+01
2.68750e-02	1.18750e-02	5.40379e+00
2.68750e-02	1.31250e-02	7.69944e-06
2.68750e-02	1.43750e-02	-5.40377e+00
2.68750e-02	1.56250e-02	-1.06892e+01
2.68750e-02	1.68750e-02	-1.54879e+01
2.68750e-02	1.81250e-02	-1.94033e+01
2.68750e-02	1.93750e-02	-2.24007e+01
2.68750e-02	2.06250e-02	-2.48577e+01
2.68750e-02	2.18750e-02	-2.76529e+01
2.68750e-02	2.31250e-02	-3.29710e+01
2.68750e-02	2.43750e-02	-4.16829e+01

2.81250e-02	6.25000e-04	7.21368e+01
2.81250e-02	1.87500e-03	4.17937e+01
2.81250e-02	3.12500e-03	3.28038e+01
2.81250e-02	4.37500e-03	2.74167e+01
2.81250e-02	5.62500e-03	2.46288e+01
2.81250e-02	6.87500e-03	2.22404e+01
2.81250e-02	8.12500e-03	1.93484e+01
2.81250e-02	9.37500e-03	1.55337e+01
2.81250e-02	1.06250e-02	1.07770e+01
2.81250e-02	1.18750e-02	5.46375e+00
2.81250e-02	1.31250e-02	9.02712e-06
2.81250e-02	1.43750e-02	-5.46373e+00
2.81250e-02	1.56250e-02	-1.07769e+01
2.81250e-02	1.68750e-02	-1.55337e+01
2.81250e-02	1.81250e-02	-1.93483e+01
2.81250e-02	1.93750e-02	-2.22404e+01
2.81250e-02	2.06250e-02	-2.46288e+01
2.81250e-02	2.18750e-02	-2.74167e+01
2.81250e-02	2.31250e-02	-3.28038e+01
2.81250e-02	2.43750e-02	-4.17937e+01

2.93750e-02	6.25000e-04	7.29102e+01
2.93750e-02	1.87500e-03	4.19050e+01
2.93750e-02	3.12500e-03	3.26511e+01
2.93750e-02	4.37500e-03	2.71912e+01
2.93750e-02	5.62500e-03	2.44040e+01
2.93750e-02	6.87500e-03	2.20773e+01
2.93750e-02	8.12500e-03	1.92864e+01
2.93750e-02	9.37500e-03	1.55743e+01
2.93750e-02	1.06250e-02	1.08655e+01
2.93750e-02	1.18750e-02	5.52641e+00
2.93750e-02	1.31250e-02	1.05159e-05
2.93750e-02	1.43750e-02	-5.52639e+00
2.93750e-02	1.56250e-02	-1.08654e+01
2.93750e-02	1.68750e-02	-1.55743e+01
2.93750e-02	1.81250e-02	-1.92863e+01
2.93750e-02	1.93750e-02	-2.20773e+01
2.93750e-02	2.06250e-02	-2.44040e+01
2.93750e-02	2.18750e-02	-2.71912e+01
2.93750e-02	2.31250e-02	-3.26511e+01
2.93750e-02	2.43750e-02	-4.19051e+01

3.06250e-02	6.25000e-04	7.36526e+01
3.06250e-02	1.87500e-03	4.20166e+01
3.06250e-02	3.12500e-03	3.25117e+01
3.06250e-02	4.37500e-03	2.69762e+01
3.06250e-02	5.62500e-03	2.41838e+01
3.06250e-02	6.87500e-03	2.19122e+01
3.06250e-02	8.12500e-03	1.92176e+01
3.06250e-02	9.37500e-03	1.56093e+01
3.06250e-02	1.06250e-02	1.09541e+01
3.06250e-02	1.18750e-02	5.59162e+00
3.06250e-02	1.31250e-02	1.21820e-05
3.06250e-02	1.43750e-02	-5.59159e+00
3.06250e-02	1.56250e-02	-1.09541e+01
3.06250e-02	1.68750e-02	-1.56093e+01
3.06250e-02	1.81250e-02	-1.92176e+01
3.06250e-02	1.93750e-02	-2.19122e+01
3.06250e-02	2.06250e-02	-2.41838e+01
3.06250e-02	2.18750e-02	-2.69762e+01
3.06250e-02	2.31250e-02	-3.25117e+01
3.06250e-02	2.43750e-02	-4.20167e+01

3.18750e-02	6.25000e-04	7.43655e+01
3.18750e-02	1.87500e-03	4.21281e+01
3.18750e-02	3.12500e-03	3.23846e+01
3.18750e-02	4.37500e-03	2.67717e+01
3.18750e-02	5.62500e-03	2.39687e+01
3.18750e-02	6.87500e-03	2.17455e+01
3.18750e-02	8.12500e-03	1.91423e+01
3.18750e-02	9.37500e-03	1.56382e+01
3.18750e-02	1.06250e-02	1.10423e+01
3.18750e-02	1.18750e-02	5.65917e+00
3.18750e-02	1.31250e-02	1.40429e-05
3.18750e-02	1.43750e-02	-5.65915e+00
3.18750e-02	1.56250e-02	-1.10423e+01
3.18750e-02	1.68750e-02	-1.56382e+01
3.18750e-02	1.81250e-02	-1.91423e+01
3.18750e-02	1.93750e-02	-2.17455e+01
3.18750e-02	2.06250e-02	-2.39687e+01
3.18750e-02	2.18750e-02	-2.67717e+01
3.18750e-02	2.31250e-02	-3.23846e+01
3.18750e-02	2.43750e-02	-4.21281e+01

3.31250e-02	6.25000e-04	7.50503e+01
3.31250e-02	1.87500e-03	4.22391e+01
3.31250e-02	3.12500e-03	3.22688e+01
3.31250e-02	4.37500e-03	2.65773e+01
3.31250e-02	5.62500e-03	2.37589e+01
3.31250e-02	6.87500e-03	2.15779e+01
3.31250e-02	8.12500e-03	1.90610e+01
3.31250e-02	9.37500e-03	1.56605e+01
3.31250e-02	1.06250e-02	1.11295e+01
3.31250e-02	1.18750e-02	5.72887e+00
3.31250e-02	1.31250e-02	1.61178e-05
3.31250e-02	1.43750e-02	-5.72884e+00
3.31250e-02	1.56250e-02	-1.11294e+01
3.31250e-02	1.68750e-02	-1.56605e+01
3.31250e-02	1.81250e-02	-1.90609e+01
3.31250e-02	1.93750e-02	-2.15778e+01
3.31250e-02	2.06250e-02	-2.37589e+01
3.31250e-02	2.18750e-02	-2.65773e+01
3.31250e-02	2.31250e-02	-3.22688e+01
3.31250e-02	2.43750e-02	-4.22392e+01

3.43750e-02	6.25000e-04	7.57087e+01
3.43750e-02	1.87500e-03	4.23495e+01
3.43750e-02	3.12500e-03	3.21634e+01
3.43750e-02	4.37500e-03	2.63928e+01
3.43750e-02	5.62500e-03	2.35549e+01
3.43750e-02	6.87500e-03	2.14098e+01
3.43750e-02	8.12500e-03	1.89739e+01
3.43750e-02	9.37500e-03	1.56761e+01
3.43750e-02	1.06250e-02	1.12149e+01
3.43750e-02	1.18750e-02	5.80048e+00
3.43750e-02	1.31250e-02	1.84272e-05
3.43750e-02	1.43750e-02	-5.80044e+00
3.43750e-02	1.56250e-02	-1.12149e+01
3.43750e-02	1.68750e-02	-1.56761e+01
3.43750e-02	1.81250e-02	-1.89739e+01
3.43750e-02	1.93750e-02	-2.14098e+01
3.43750e-02	2.06250e-02	-2.35549e+01
3.43750e-02	2.18750e-02	-2.63928e+01
3.43750e-02	2.31250e-02	-3.21634e+01
3.43750e-02	2.43750e-02	-4.23495e+01

3.56250e-02	6.25000e-04	7.63420e+01
3.56250e-02	1.87500e-03	4.24588e+01
3.56250e-02	3.12500e-03	3.20674e+01
3.56250e-02	4.37500e-03	2.62178e+01
3.56250e-02	5.62500e-03	2.33567e+01
3.56250e-02	6.87500e-03	2.12420e+01
3.56250e-02	8.12500e-03	1.88815e+01
3.56250e-02	9.37500e-03	1.56847e+01
3.56250e-02	1.06250e-02	1.12981e+01
3.56250e-02	1.18750e-02	5.87371e+00
3.56250e-02	1.31250e-02	2.09933e-05
3.56250e-02	1.43750e-02	-5.87367e+00
3.56250e-02	1.56250e-02	-1.12981e+01
3.56250e-02	1.68750e-02	-1.56847e+01
3.56250e-02	1.81250e-02	-1.88815e+01
3.56250e-02	1.93750e-02	-2.12420e+01
3.56250e-02	2.06250e-02	-2.33567e+01
3.56250e-02	2.18750e-02	-2.62178e+01
3.56250e-02	2.31250e-02	-3.20674e+01
3.56250e-02	2.43750e-02	-4.24589e+01

3.68750e-02	6.25000e-04	7.69515e+01
3.68750e-02	1.87500e-03	4.25670e+01
3.68750e-02	3.12500e-03	3.19801e+01
3.68750e-02	4.37500e-03	2.60520e+01
3.68750e-02	5.62500e-03	2.31645e+01
3.68750e-02	6.87500e-03	2.10748e+01
3.68750e-02	8.12500e-03	1.87844e+01
3.68750e-02	9.37500e-03	1.56862e+01
3.68750e-02	1.06250e-02	1.13783e+01
3.68750e-02	1.18750e-02	5.94830e+00
3.68750e-02	1.31250e-02	2.38399e-05
3.68750e-02	1.43750e-02	-5.94825e+00
3.68750e-02	1.56250e-02	-1.13783e+01
3.68750e-02	1.68750e-02	-1.56862e+01
3.68750e-02	1.81250e-02	-1.87843e+01
3.68750e-02	1.93750e-02	-2.10748e+01
3.68750e-02	2.06250e-02	-2.31645e+01
3.68750e-02	2.18750e-02	-2.60520e+01
3.68750e-02	2.31250e-02	-3.19801e+01
3.68750e-02	2.43750e-02	-4.25670e+01

3.81250e-02	6.25000e-04	7.75386e+01
3.81250e-02	1.87500e-03	4.26741e+01
3.81250e-02	3.12500e-03	3.19007e+01
3.81250e-02	4.37500e-03	2.58949e+01
3.81250e-02	5.62500e-03	2.29785e+01
3.81250e-02	6.87500e-03	2.09087e+01
3.81250e-02	8.12500e-03	1.86829e+01
3.81250e-02	9.37500e-03	1.56805e+01
3.81250e-02	1.06250e-02	1.14550e+01
3.81250e-02	1.18750e-02	6.02391e+00
3.81250e-02	1.31250e-02	2.69925e-05
3.81250e-02	1.43750e-02	-6.02386e+00
3.81250e-02	1.56250e-02	-1.14550e+01
3.81250e-02	1.68750e-02	-1.56805e+01
3.81250e-02	1.81250e-02	-1.86829e+01
3.81250e-02	1.93750e-02	-2.09087e+01
3.81250e-02	2.06250e-02	-2.29785e+01
3.81250e-02	2.18750e-02	-2.58949e+01
3.81250e-02	2.31250e-02	-3.19007e+01
3.81250e-02	2.43750e-02	-4.26742e+01

3.93750e-02	6.25000e-04	7.81042e+01
3.93750e-02	1.87500e-03	4.27800e+01
3.93750e-02	3.12500e-03	3.18287e+01
3.93750e-02	4.37500e-03	2.57462e+01
3.93750e-02	5.62500e-03	2.27986e+01
3.93750e-02	6.87500e-03	2.07441e+01
3.93750e-02	8.12500e-03	1.85776e+01
3.93750e-02	9.37500e-03	1.56677e+01
3.93750e-02	1.06250e-02	1.15276e+01
3.93750e-02	1.18750e-02	6.10020e+00
3.93750e-02	1.31250e-02	3.04784e-05
3.93750e-02	1.43750e-02	-6.10015e+00
3.93750e-02	1.56250e-02	-1.15275e+01
3.93750e-02	1.68750e-02	-1.56676e+01
3.93750e-02	1.81250e-02	-1.85776e+01
3.93750e-02	1.93750e-02	-2.07441e+01
3.93750e-02	2.06250e-02	-2.27986e+01
3.93750e-02	2.18750e-02	-2.57462e+01
3.93750e-02	2.31250e-02	-3.18287e+01
3.93750e-02	2.43750e-02	-4.27801e+01

4.06250e-02	6.25000e-04	7.86497e+01
4.06250e-02	1.87500e-03	4.28845e+01
4.06250e-02	3.12500e-03	3.17633e+01
4.06250e-02	4.37500e-03	2.56055e+01
4.06250e-02	5.62500e-03	2.26249e+01
4.06250e-02	6.87500e-03	2.05813e+01
4.06250e-02	8.12500e-03	1.84690e+01
4.06250e-02	9.37500e-03	1.56478e+01
4.06250e-02	1.06250e-02	1.15955e+01
4.06250e-02	1.18750e-02	6.17681e+00
4.06250e-02	1.31250e-02	3.43264e-05
4.06250e-02	1.43750e-02	-6.17675e+00
4.06250e-02	1.56250e-02	-1.15955e+01
4.06250e-02	1.68750e-02	-1.56478e+01
4.06250e-02	1.81250e-02	-1.84690e+01
4.06250e-02	1.93750e-02	-2.05813e+01
4.06250e-02	2.06250e-02	-2.26249e+01
4.06250e-02	2.18750e-02	-2.56055e+01
4.06250e-02	2.31250e-02	-3.17633e+01
4.06250e-02	2.43750e-02	-4.28846e+01

4.18750e-02	6.25000e-04	7.91762e+01
4.18750e-02	1.87500e-03	4.29876e+01
4.18750e-02	3.12500e-03	3.17041e+01
4.18750e-02	4.37500e-03	2.54722e+01
4.18750e-02	5.62500e-03	2.24573e+01
4.18750e-02	6.87500e-03	2.04208e+01
4.18750e-02	8.12500e-03	1.83576e+01
4.18750e-02	9.37500e-03	1.56210e+01
4.18750e-02	1.06250e-02	1.16582e+01
4.18750e-02	1.18750e-02	6.25333e+00
4.18750e-02	1.31250e-02	3.85671e-05
4.18750e-02	1.43750e-02	-6.25326e+00
4.18750e-02	1.56250e-02	-1.16582e+01
4.18750e-02	1.68750e-02	-1.56210e+01
4.18750e-02	1.81250e-02	-1.83576e+01
4.18750e-02	1.93750e-02	-2.04208e+01
4.18750e-02	2.06250e-02	-2.24573e+01
4.18750e-02	2.18750e-02	-2.54723e+01
4.18750e-02	2.31250e-02	-3.17041e+01
4.18750e-02	2.43750e-02	-4.29877e+01

4.31250e-02	6.25000e-04	7.96846e+01
4.31250e-02	1.87500e-03	4.30892e+01
4.31250e-02	3.12500e-03	3.16505e+01
4.31250e-02	4.37500e-03	2.53462e+01
4.31250e-02	5.62500e-03	2.22957e+01
4.31250e-02	6.87500e-03	2.02627e+01
4.31250e-02	8.12500e-03	1.82438e+01
4.31250e-02	9.37500e-03	1.55876e+01
4.31250e-02	1.06250e-02	1.17154e+01
4.31250e-02	1.18750e-02	6.32936e+00
4.31250e-02	1.31250e-02	4.32325e-05
4.31250e-02	1.43750e-02	-6.32928e+00
4.31250e-02	1.56250e-02	-1.17153e+01
4.31250e-02	1.68750e-02	-1.55876e+01
4.31250e-02	1.81250e-02	-1.82438e+01
4.31250e-02	1.93750e-02	-2.02627e+01
4.31250e-02	2.06250e-02	-2.22957e+01
4.31250e-02	2.18750e-02	-2.53462e+01
4.31250e-02	2.31250e-02	-3.16505e+01
4.31250e-02	2.43750e-02	-4.30893e+01

4.43750e-02	6.25000e-04	8.01759e+01
4.43750e-02	1.87500e-03	4.31893e+01
4.43750e-02	3.12500e-03	3.16020e+01
4.43750e-02	4.37500e-03	2.52269e+01
4.43750e-02	5.62500e-03	2.21401e+01
4.43750e-02	6.87500e-03	2.01074e+01
4.43750e-02	8.12500e-03	1.81281e+01
4.43750e-02	9.37500e-03	1.55478e+01
4.43750e-02	1.06250e-02	1.17664e+01
4.43750e-02	1.18750e-02	6.40445e+00
4.43750e-02	1.31250e-02	4.83560e-05
4.43750e-02	1.43750e-02	-6.40436e+00
4.43750e-02	1.56250e-02	-1.17664e+01
4.43750e-02	1.68750e-02	-1.55478e+01
4.43750e-02	1.81250e-02	-1.81281e+01
4.43750e-02	1.93750e-02	-2.01074e+01
4.43750e-02	2.06250e-02	-2.21401e+01
4.43750e-02	2.18750e-02	-2.52270e+01
4.43750e-02	2.31250e-02	-3.16021e+01
4.43750e-02	2.43750e-02	-4.31894e+01

4.56250e-02	6.25000e-04	8.06510e+01
4.56250e-02	1.87500e-03	4.32878e+01
4.56250e-02	3.12500e-03	3.15584e+01
4.56250e-02	4.37500e-03	2.51141e+01
4.56250e-02	5.62500e-03	2.19902e+01
4.56250e-02	6.87500e-03	1.99549e+01
4.56250e-02	8.12500e-03	1.80109e+01
4.56250e-02	9.37500e-03	1.55020e+01
4.56250e-02	1.06250e-02	1.18111e+01
4.56250e-02	1.18750e-02	6.47815e+00
4.56250e-02	1.31250e-02	5.39726e-05
4.56250e-02	1.43750e-02	-6.47805e+00
4.56250e-02	1.56250e-02	-1.18110e+01
4.56250e-02	1.68750e-02	-1.55020e+01
4.56250e-02	1.81250e-02	-1.80109e+01
4.56250e-02	1.93750e-02	-1.99549e+01
4.56250e-02	2.06250e-02	-2.19903e+01
4.56250e-02	2.18750e-02	-2.51141e+01
4.56250e-02	2.31250e-02	-3.15584e+01
4.56250e-02	2.43750e-02	-4.32880e+01

4.68750e-02	6.25000e-04	8.11107e+01
4.68750e-02	1.87500e-03	4.33848e+01
4.68750e-02	3.12500e-03	3.15190e+01
4.68750e-02	4.37500e-03	2.50073e+01
4.68750e-02	5.62500e-03	2.18460e+01
4.68750e-02	6.87500e-03	1.98056e+01
4.68750e-02	8.12500e-03	1.78926e+01
4.68750e-02	9.37500e-03	1.54505e+01
4.68750e-02	1.06250e-02	1.18491e+01
4.68750e-02	1.18750e-02	6.55000e+00
4.68750e-02	1.31250e-02	6.01178e-05
4.68750e-02	1.43750e-02	-6.54989e+00
4.68750e-02	1.56250e-02	-1.18490e+01
4.68750e-02	1.68750e-02	-1.54505e+01
4.68750e-02	1.81250e-02	-1.78925e+01
4.68750e-02	1.93750e-02	-1.98056e+01
4.68750e-02	2.06250e-02	-2.18460e+01
4.68750e-02	2.18750e-02	-2.50073e+01
4.68750e-02	2.31250e-02	-3.15191e+01
4.68750e-02	2.43750e-02	-4.33849e+01

4.81250e-02	6.25000e-04	8.15559e+01
4.81250e-02	1.87500e-03	4.34802e+01
4.81250e-02	3.12500e-03	3.14837e+01
4.81250e-02	4.37500e-03	2.49062e+01
4.81250e-02	5.62500e-03	2.17073e+01
4.81250e-02	6.87500e-03	1.96594e+01
4.81250e-02	8.12500e-03	1.77735e+01
4.81250e-02	9.37500e-03	1.53937e+01
4.81250e-02	1.06250e-02	1.18802e+01
4.81250e-02	1.18750e-02	6.61953e+00
4.81250e-02	1.31250e-02	6.68283e-05
4.81250e-02	1.43750e-02	-6.61941e+00
4.81250e-02	1.56250e-02	-1.18801e+01
4.81250e-02	1.68750e-02	-1.53937e+01
4.81250e-02	1.81250e-02	-1.77735e+01
4.81250e-02	1.93750e-02	-1.96594e+01
4.81250e-02	2.06250e-02	-2.17073e+01
4.81250e-02	2.18750e-02	-2.49062e+01
4.81250e-02	2.31250e-02	-3.14838e+01
4.81250e-02	2.43750e-02	-4.34803e+01

4.93750e-02	6.25000e-04	8.19872e+01
4.93750e-02	1.87500e-03	4.35740e+01
4.93750e-02	3.12500e-03	3.14522e+01
4.93750e-02	4.37500e-03	2.48105e+01
4.93750e-02	5.62500e-03	2.15739e+01
4.93750e-02	6.87500e-03	1.95164e+01
4.93750e-02	8.12500e-03	1.76540e+01
4.93750e-02	9.37500e-03	1.53321e+01
4.93750e-02	1.06250e-02	1.19042e+01
4.93750e-02	1.18750e-02	6.68627e+00
4.93750e-02	1.31250e-02	7.41409e-05
4.93750e-02	1.43750e-02	-6.68614e+00
4.93750e-02	1.56250e-02	-1.19041e+01
4.93750e-02	1.68750e-02	-1.53320e+01
4.93750e-02	1.81250e-02	-1.76540e+01
4.93750e-02	1.93750e-02	-1.95164e+01
4.93750e-02	2.06250e-02	-2.15739e+01
4.93750e-02	2.18750e-02	-2.48105e+01
4.93750e-02	2.31250e-02	-3.14522e+01
4.93750e-02	2.43750e-02	-4.35742e+01

5.06250e-02	6.25000e-04	8.24053e+01
5.06250e-02	1.87500e-03	4.36663e+01
5.06250e-02	3.12500e-03	3.14240e+01
5.06250e-02	4.37500e-03	2.47198e+01
5.06250e-02	5.62500e-03	2.14455e+01
5.06250e-02	6.87500e-03	1.93769e+01
5.06250e-02	8.12500e-03	1.75345e+01
5.06250e-02	9.37500e-03	1.52659e+01
5.06250e-02	1.06250e-02	1.19211e+01
5.06250e-02	1.18750e-02	6.74975e+00
5.06250e-02	1.31250e-02	8.20927e-05
5.06250e-02	1.43750e-02	-6.74961e+00
5.06250e-02	1.56250e-02	-1.19210e+01
5.06250e-02	1.68750e-02	-1.52658e+01
5.06250e-02	1.81250e-02	-1.75344e+01
5.06250e-02	1.93750e-02	-1.93768e+01
5.06250e-02	2.06250e-02	-2.14456e+01
5.06250e-02	2.18750e-02	-2.47199e+01
5.06250e-02	2.31250e-02	-3.14241e+01
5.06250e-02	2.43750e-02	-4.36665e+01

5.18750e-02	6.25000e-04	8.28109e+01
5.18750e-02	1.87500e-03	4.37571e+01
5.18750e-02	3.12500e-03	3.13990e+01
5.18750e-02	4.37500e-03	2.46340e+01
5.18750e-02	5.62500e-03	2.13222e+01
5.18750e-02	6.87500e-03	1.92406e+01
5.18750e-02	8.12500e-03	1.74150e+01
5.18750e-02	9.37500e-03	1.51956e+01
5.18750e-02	1.06250e-02	1.19309e+01
5.18750e-02	1.18750e-02	6.80952e+00
5.18750e-02	1.31250e-02	9.07199e-05
5.18750e-02	1.43750e-02	-6.80937e+00
5.18750e-02	1.56250e-02	-1.19308e+01
5.18750e-02	1.68750e-02	-1.51955e+01
5.18750e-02	1.81250e-02	-1.74150e+01
5.18750e-02	1.93750e-02	-1.92406e+01
5.18750e-02	2.06250e-02	-2.13222e+01
5.18750e-02	2.18750e-02	-2.46341e+01
5.18750e-02	2.31250e-02	-3.13991e+01
5.18750e-02	2.43750e-02	-4.37573e+01

5.31250e-02	6.25000e-04	8.32045e+01
5.31250e-02	1.87500e-03	4.38463e+01
5.31250e-02	3.12500e-03	3.13769e+01
5.31250e-02	4.37500e-03	2.45527e+01
5.31250e-02	5.62500e-03	2.12036e+01
5.31250e-02	6.87500e-03	1.91078e+01
5.31250e-02	8.12500e-03	1.72960e+01
5.31250e-02	9.37500e-03	1.51216e+01
5.31250e-02	1.06250e-02	1.19334e+01
5.31250e-02	1.18750e-02	6.86513e+00
5.31250e-02	1.31250e-02	1.00058e-04
5.31250e-02	1.43750e-02	-6.86496e+00
5.31250e-02	1.56250e-02	-1.19333e+01
5.31250e-02	1.68750e-02	-1.51216e+01
5.31250e-02	1.81250e-02	-1.72959e+01
5.31250e-02	1.93750e-02	-1.91078e+01
5.31250e-02	2.06250e-02	-2.12036e+01
5.31250e-02	2.18750e-02	-2.45528e+01
5.31250e-02	2.31250e-02	-3.13770e+01
5.31250e-02	2.43750e-02	-4.38465e+01

5.43750e-02	6.25000e-04	8.35867e+01
5.43750e-02	1.87500e-03	4.39341e+01
5.43750e-02	3.12500e-03	3.13575e+01
5.43750e-02	4.37500e-03	2.44757e+01
5.43750e-02	5.62500e-03	2.10895e+01
5.43750e-02	6.87500e-03	1.89783e+01
5.43750e-02	8.12500e-03	1.71775e+01
5.43750e-02	9.37500e-03	1.50443e+01
5.43750e-02	1.06250e-02	1.19290e+01
5.43750e-02	1.18750e-02	6.91618e+00
5.43750e-02	1.31250e-02	1.10141e-04
5.43750e-02	1.43750e-02	-6.91599e+00
5.43750e-02	1.56250e-02	-1.19289e+01
5.43750e-02	1.68750e-02	-1.50443e+01
5.43750e-02	1.81250e-02	-1.71775e+01
5.43750e-02	1.93750e-02	-1.89783e+01
5.43750e-02	2.06250e-02	-2.10895e+01
5.43750e-02	2.18750e-02	-2.44758e+01
5.43750e-02	2.31250e-02	-3.13576e+01
5.43750e-02	2.43750e-02	-4.39343e+01

5.56250e-02	6.25000e-04	8.39581e+01
5.56250e-02	1.87500e-03	4.40204e+01
5.56250e-02	3.12500e-03	3.13406e+01
5.56250e-02	4.37500e-03	2.44027e+01
5.56250e-02	5.62500e-03	2.09798e+01
5.56250e-02	6.87500e-03	1.88521e+01
5.56250e-02	8.12500e-03	1.70598e+01
5.56250e-02	9.37500e-03	1.49641e+01
5.56250e-02	1.06250e-02	1.19177e+01
5.56250e-02	1.18750e-02	6.96226e+00
5.56250e-02	1.31250e-02	1.21000e-04
5.56250e-02	1.43750e-02	-6.96206e+00
5.56250e-02	1.56250e-02	-1.19176e+01
5.56250e-02	1.68750e-02	-1.49640e+01
5.56250e-02	1.81250e-02	-1.70598e+01
5.56250e-02	1.93750e-02	-1.88521e+01
5.56250e-02	2.06250e-02	-2.09799e+01
5.56250e-02	2.18750e-02	-2.44028e+01
5.56250e-02	2.31250e-02	-3.13407e+01
5.56250e-02	2.43750e-02	-4.40206e+01

5.68750e-02	6.25000e-04	8.43190e+01
5.68750e-02	1.87500e-03	4.41053e+01
5.68750e-02	3.12500e-03	3.13260e+01
5.68750e-02	4.37500e-03	2.43336e+01
5.68750e-02	5.62500e-03	2.08744e+01
5.68750e-02	6.87500e-03	1.87293e+01
5.68750e-02	8.12500e-03	1.69431e+01
5.68750e-02	9.37500e-03	1.48812e+01
5.68750e-02	1.06250e-02	1.18997e+01
5.68750e-02	1.18750e-02	7.00303e+00
5.68750e-02	1.31250e-02	1.32665e-04
5.68750e-02	1.43750e-02	-7.00281e+00
5.68750e-02	1.56250e-02	-1.18995e+01
5.68750e-02	1.68750e-02	-1.48811e+01
5.68750e-02	1.81250e-02	-1.69430e+01
5.68750e-02	1.93750e-02	-1.87293e+01
5.68750e-02	2.06250e-02	-2.08744e+01
5.68750e-02	2.18750e-02	-2.43336e+01
5.68750e-02	2.31250e-02	-3.13261e+01
5.68750e-02	2.43750e-02	-4.41055e+01

5.81250e-02	6.25000e-04	8.46700e+01
5.81250e-02	1.87500e-03	4.41887e+01
5.81250e-02	3.12500e-03	3.13135e+01
5.81250e-02	4.37500e-03	2.42680e+01
5.81250e-02	5.62500e-03	2.07730e+01
5.81250e-02	6.87500e-03	1.86097e+01
5.81250e-02	8.12500e-03	1.68274e+01
5.81250e-02	9.37500e-03	1.47961e+01
5.81250e-02	1.06250e-02	1.18752e+01
5.81250e-02	1.18750e-02	7.03817e+00
5.81250e-02	1.31250e-02	1.45160e-04
5.81250e-02	1.43750e-02	-7.03794e+00
5.81250e-02	1.56250e-02	-1.18751e+01
5.81250e-02	1.68750e-02	-1.47960e+01
5.81250e-02	1.81250e-02	-1.68274e+01
5.81250e-02	1.93750e-02	-1.86097e+01
5.81250e-02	2.06250e-02	-2.07730e+01
5.81250e-02	2.18750e-02	-2.42680e+01
5.81250e-02	2.31250e-02	-3.13137e+01
5.81250e-02	2.43750e-02	-4.41890e+01

5.93750e-02	6.25000e-04	8.50116e+01
5.93750e-02	1.87500e-03	4.42708e+01
5.93750e-02	3.12500e-03	3.13031e+01
5.93750e-02	4.37500e-03	2.42057e+01
5.93750e-02	5.62500e-03	2.06754e+01
5.93750e-02	6.87500e-03	1.84933e+01
5.93750e-02	8.12500e-03	1.67129e+01
5.93750e-02	9.37500e-03	1.47089e+01
5.93750e-02	1.06250e-02	1.18445e+01
5.93750e-02	1.18750e-02	7.06742e+00
5.93750e-02	1.31250e-02	1.58507e-04
5.93750e-02	1.43750e-02	-7.06717e+00
5.93750e-02	1.56250e-02	-1.18444e+01
5.93750e-02	1.68750e-02	-1.47088e+01
5.93750e-02	1.81250e-02	-1.67129e+01
5.93750e-02	1.93750e-02	-1.84933e+01
5.93750e-02	2.06250e-02	-2.06754e+01
5.93750e-02	2.18750e-02	-2.42058e+01
5.93750e-02	2.31250e-02	-3.13032e+01
5.93750e-02	2.43750e-02	-4.42710e+01

6.06250e-02	6.25000e-04	8.53440e+01
6.06250e-02	1.87500e-03	4.43515e+01
6.06250e-02	3.12500e-03	3.12944e+01
6.06250e-02	4.37500e-03	2.41467e+01
6.06250e-02	5.62500e-03	2.05815e+01
6.06250e-02	6.87500e-03	1.83801e+01
6.06250e-02	8.12500e-03	1.65997e+01
6.06250e-02	9.37500e-03	1.46201e+01
6.06250e-02	1.06250e-02	1.18080e+01
6.06250e-02	1.18750e-02	7.09056e+00
6.06250e-02	1.31250e-02	1.72723e-04
6.06250e-02	1.43750e-02	-7.09028e+00
6.06250e-02	1.56250e-02	-1.18078e+01
6.06250e-02	1.68750e-02	-1.46200e+01
6.06250e-02	1.81250e-02	-1.65997e+01
6.06250e-02	1.93750e-02	-1.83800e+01
6.06250e-02	2.06250e-02	-2.05815e+01
6.06250e-02	2.18750e-02	-2.41468e+01
6.06250e-02	2.31250e-02	-3.12946e+01
6.06250e-02	2.43750e-02	-4.43517e+01

6.18750e-02	6.25000e-04	8.56676e+01
6.18750e-02	1.87500e-03	4.44308e+01
6.18750e-02	3.12500e-03	3.12875e+01
6.18750e-02	4.37500e-03	2.40907e+01
6.18750e-02	5.62500e-03	2.04911e+01
6.18750e-02	6.87500e-03	1.82698e+01
6.18750e-02	8.12500e-03	1.64880e+01
6.18750e-02	9.37500e-03	1.45298e+01
6.18750e-02	1.06250e-02	1.17659e+01
6.18750e-02	1.18750e-02	7.10741e+00
6.18750e-02	1.31250e-02	1.87818e-04
6.18750e-02	1.43750e-02	-7.10711e+00
6.18750e-02	1.56250e-02	-1.17657e+01
6.18750e-02	1.68750e-02	-1.45297e+01
6.18750e-02	1.81250e-02	-1.64879e+01
6.18750e-02	1.93750e-02	-1.82698e+01
6.18750e-02	2.06250e-02	-2.04911e+01
6.18750e-02	2.18750e-02	-2.40908e+01
6.18750e-02	2.31250e-02	-3.12877e+01
6.18750e-02	2.43750e-02	-4.44311e+01

6.31250e-02	6.25000e-04	8.59829e+01
6.31250e-02	1.87500e-03	4.45089e+01
6.31250e-02	3.12500e-03	3.12822e+01
6.31250e-02	4.37500e-03	2.40375e+01
6.31250e-02	5.62500e-03	2.04041e+01
6.31250e-02	6.87500e-03	1.81626e+01
6.31250e-02	8.12500e-03	1.63776e+01
6.31250e-02	9.37500e-03	1.44382e+01
6.31250e-02	1.06250e-02	1.17185e+01
6.31250e-02	1.18750e-02	7.11785e+00
6.31250e-02	1.31250e-02	2.03798e-04
6.31250e-02	1.43750e-02	-7.11753e+00
6.31250e-02	1.56250e-02	-1.17184e+01
6.31250e-02	1.68750e-02	-1.44381e+01
6.31250e-02	1.81250e-02	-1.63776e+01
6.31250e-02	1.93750e-02	-1.81626e+01
6.31250e-02	2.06250e-02	-2.04041e+01
6.31250e-02	2.18750e-02	-2.40376e+01
6.31250e-02	2.31250e-02	-3.12823e+01
6.31250e-02	2.43750e-02	-4.45092e+01

6.43750e-02	6.25000e-04	8.62900e+01
6.43750e-02	1.87500e-03	4.45856e+01
6.43750e-02	3.12500e-03	3.12783e+01
6.43750e-02	4.37500e-03	2.39871e+01
6.43750e-02	5.62500e-03	2.03203e+01
6.43750e-02	6.87500e-03	1.80582e+01
6.43750e-02	8.12500e-03	1.62688e+01
6.43750e-02	9.37500e-03	1.43457e+01
6.43750e-02	1.06250e-02	1.16663e+01
6.43750e-02	1.18750e-02	7.12182e+00
6.43750e-02	1.31250e-02	2.20663e-04
6.43750e-02	1.43750e-02	-7.12147e+00
6.43750e-02	1.56250e-02	-1.16661e+01
6.43750e-02	1.68750e-02	-1.43456e+01
6.43750e-02	1.81250e-02	-1.62687e+01
6.43750e-02	1.93750e-02	-1.80582e+01
6.43750e-02	2.06250e-02	-2.03203e+01
6.43750e-02	2.18750e-02	-2.39872e+01
6.43750e-02	2.31250e-02	-3.12785e+01
6.43750e-02	2.43750e-02	-4.45859e+01

6.56250e-02	6.25000e-04	8.65894e+01
6.56250e-02	1.87500e-03	4.46611e+01
6.56250e-02	3.12500e-03	3.12758e+01
6.56250e-02	4.37500e-03	2.39391e+01
6.56250e-02	5.62500e-03	2.02395e+01
6.56250e-02	6.87500e-03	1.79566e+01
6.56250e-02	8.12500e-03	1.61615e+01
6.56250e-02	9.37500e-03	1.42523e+01
6.56250e-02	1.06250e-02	1.16094e+01
6.56250e-02	1.18750e-02	7.11930e+00
6.56250e-02	1.31250e-02	2.38406e-04
6.56250e-02	1.43750e-02	-7.11894e+00
6.56250e-02	1.56250e-02	-1.16092e+01
6.56250e-02	1.68750e-02	-1.42522e+01
6.56250e-02	1.81250e-02	-1.61614e+01
6.56250e-02	1.93750e-02	-1.79566e+01
6.56250e-02	2.06250e-02	-2.02396e+01
6.56250e-02	2.18750e-02	-2.39392e+01
6.56250e-02	2.31250e-02	-3.12760e+01
6.56250e-02	2.43750e-02	-4.46614e+01

6.68750e-02	6.25000e-04	8.68811e+01
6.68750e-02	1.87500e-03	4.47353e+01
6.68750e-02	3.12500e-03	3.12745e+01
6.68750e-02	4.37500e-03	2.38936e+01
6.68750e-02	5.62500e-03	2.01617e+01
6.68750e-02	6.87500e-03	1.78578e+01
6.68750e-02	8.12500e-03	1.60558e+01
6.68750e-02	9.37500e-03	1.41582e+01
6.68750e-02	1.06250e-02	1.15484e+01
6.68750e-02	1.18750e-02	7.11035e+00
6.68750e-02	1.31250e-02	2.57014e-04
6.68750e-02	1.43750e-02	-7.10995e+00
6.68750e-02	1.56250e-02	-1.15482e+01
6.68750e-02	1.68750e-02	-1.41581e+01
6.68750e-02	1.81250e-02	-1.60557e+01
6.68750e-02	1.93750e-02	-1.78578e+01
6.68750e-02	2.06250e-02	-2.01618e+01
6.68750e-02	2.18750e-02	-2.38937e+01
6.68750e-02	2.31250e-02	-3.12747e+01
6.68750e-02	2.43750e-02	-4.47356e+01

6.81250e-02	6.25000e-04	8.71655e+01
6.81250e-02	1.87500e-03	4.48082e+01
6.81250e-02	3.12500e-03	3.12744e+01
6.81250e-02	4.37500e-03	2.38503e+01
6.81250e-02	5.62500e-03	2.00867e+01
6.81250e-02	6.87500e-03	1.77616e+01
6.81250e-02	8.12500e-03	1.59516e+01
6.81250e-02	9.37500e-03	1.40636e+01
6.81250e-02	1.06250e-02	1.14835e+01
6.81250e-02	1.18750e-02	7.09504e+00
6.81250e-02	1.31250e-02	2.76468e-04
6.81250e-02	1.43750e-02	-7.09462e+00
6.81250e-02	1.56250e-02	-1.14832e+01
6.81250e-02	1.68750e-02	-1.40635e+01
6.81250e-02	1.81250e-02	-1.59516e+01
6.81250e-02	1.93750e-02	-1.77616e+01
6.81250e-02	2.06250e-02	-2.00867e+01
6.81250e-02	2.18750e-02	-2.38504e+01
6.81250e-02	2.31250e-02	-3.12747e+01
6.81250e-02	2.43750e-02	-4.48086e+01

6.93750e-02	6.25000e-04	8.74426e+01
6.93750e-02	1.87500e-03	4.48800e+01
6.93750e-02	3.12500e-03	3.12754e+01
6.93750e-02	4.37500e-03	2.38091e+01
6.93750e-02	5.62500e-03	2.00143e+01
6.93750e-02	6.87500e-03	1.76679e+01
6.93750e-02	8.12500e-03	1.58491e+01
6.93750e-02	9.37500e-03	1.39687e+01
6.93750e-02	1.06250e-02	1.14150e+01
6.93750e-02	1.18750e-02	7.07351e+00
6.93750e-02	1.31250e-02	2.96743e-04
6.93750e-02	1.43750e-02	-7.07307e+00
6.93750e-02	1.56250e-02	-1.14147e+01
6.93750e-02	1.68750e-02	-1.39685e+01
6.93750e-02	1.81250e-02	-1.58491e+01
6.93750e-02	1.93750e-02	-1.76679e+01
6.93750e-02	2.06250e-02	-2.00144e+01
6.93750e-02	2.18750e-02	-2.38092e+01
6.93750e-02	2.31250e-02	-3.12757e+01
6.93750e-02	2.43750e-02	-4.48803e+01

7.06250e-02	6.25000e-04	8.77127e+01
7.06250e-02	1.87500e-03	4.49504e+01
7.06250e-02	3.12500e-03	3.12774e+01
7.06250e-02	4.37500e-03	2.37700e+01
7.06250e-02	5.62500e-03	1.99445e+01
7.06250e-02	6.87500e-03	1.75767e+01
7.06250e-02	8.12500e-03	1.57482e+01
7.06250e-02	9.37500e-03	1.38735e+01
7.06250e-02	1.06250e-02	1.13432e+01
7.06250e-02	1.18750e-02	7.04596e+00
7.06250e-02	1.31250e-02	3.17807e-04
7.06250e-02	1.43750e-02	-7.04548e+00
7.06250e-02	1.56250e-02	-1.13430e+01
7.06250e-02	1.68750e-02	-1.38733e+01
7.06250e-02	1.81250e-02	-1.57482e+01
7.06250e-02	1.93750e-02	-1.75767e+01
7.06250e-02	2.06250e-02	-1.99445e+01
7.06250e-02	2.18750e-02	-2.37701e+01
7.06250e-02	2.31250e-02	-3.12777e+01
7.06250e-02	2.43750e-02	-4.49508e+01

7.18750e-02	6.25000e-04	8.79757e+01
7.18750e-02	1.87500e-03	4.50197e+01
7.18750e-02	3.12500e-03	3.12804e+01
7.18750e-02	4.37500e-03	2.37328e+01
7.18750e-02	5.62500e-03	1.98771e+01
7.18750e-02	6.87500e-03	1.74879e+01
7.18750e-02	8.12500e-03	1.56489e+01
7.18750e-02	9.37500e-03	1.37782e+01
7.18750e-02	1.06250e-02	1.12685e+01
7.18750e-02	1.18750e-02	7.01260e+00
7.18750e-02	1.31250e-02	3.39625e-04
7.18750e-02	1.43750e-02	-7.01209e+00
7.18750e-02	1.56250e-02	-1.12682e+01
7.18750e-02	1.68750e-02	-1.37780e+01
7.18750e-02	1.81250e-02	-1.56489e+01
7.18750e-02	1.93750e-02	-1.74879e+01
7.18750e-02	2.06250e-02	-1.98771e+01
7.18750e-02	2.18750e-02	-2.37329e+01
7.18750e-02	2.31250e-02	-3.12806e+01
7.18750e-02	2.43750e-02	-4.50201e+01

7.31250e-02	6.25000e-04	8.82315e+01
7.31250e-02	1.87500e-03	4.50876e+01
7.31250e-02	3.12500e-03	3.12842e+01
7.31250e-02	4.37500e-03	2.36974e+01
7.31250e-02	5.62500e-03	1.98120e+01
7.31250e-02	6.87500e-03	1.74014e+01
7.31250e-02	8.12500e-03	1.55513e+01
7.31250e-02	9.37500e-03	1.36829e+01
7.31250e-02	1.06250e-02	1.11911e+01
7.31250e-02	1.18750e-02	6.97369e+00
7.31250e-02	1.31250e-02	3.62154e-04
7.31250e-02	1.43750e-02	-6.97316e+00
7.31250e-02	1.56250e-02	-1.11909e+01
7.31250e-02	1.68750e-02	-1.36827e+01
7.31250e-02	1.81250e-02	-1.55512e+01
7.31250e-02	1.93750e-02	-1.74014e+01
7.31250e-02	2.06250e-02	-1.98120e+01
7.31250e-02	2.18750e-02	-2.36975e+01
7.31250e-02	2.31250e-02	-3.12845e+01
7.31250e-02	2.43750e-02	-4.50881e+01

7.43750e-02	6.25000e-04	8.84801e+01
7.43750e-02	1.87500e-03	4.51543e+01
7.43750e-02	3.12500e-03	3.12887e+01
7.43750e-02	4.37500e-03	2.36637e+01
7.43750e-02	5.62500e-03	1.97491e+01
7.43750e-02	6.87500e-03	1.73172e+01
7.43750e-02	8.12500e-03	1.54552e+01
7.43750e-02	9.37500e-03	1.35876e+01
7.43750e-02	1.06250e-02	1.11114e+01
7.43750e-02	1.18750e-02	6.92953e+00
7.43750e-02	1.31250e-02	3.85351e-04
7.43750e-02	1.43750e-02	-6.92896e+00
7.43750e-02	1.56250e-02	-1.11111e+01
7.43750e-02	1.68750e-02	-1.35875e+01
7.43750e-02	1.81250e-02	-1.54551e+01
7.43750e-02	1.93750e-02	-1.73171e+01
7.43750e-02	2.06250e-02	-1.97492e+01
7.43750e-02	2.18750e-02	-2.36639e+01
7.43750e-02	2.31250e-02	-3.12890e+01
7.43750e-02	2.43750e-02	-4.51548e+01

7.56250e-02	6.25000e-04	8.87210e+01
7.56250e-02	1.87500e-03	4.52196e+01
7.56250e-02	3.12500e-03	3.12940e+01
7.56250e-02	4.37500e-03	2.36317e+01
7.56250e-02	5.62500e-03	1.96883e+01
7.56250e-02	6.87500e-03	1.72350e+01
7.56250e-02	8.12500e-03	1.53607e+01
7.56250e-02	9.37500e-03	1.34926e+01
7.56250e-02	1.06250e-02	1.10295e+01
7.56250e-02	1.18750e-02	6.88045e+00
7.56250e-02	1.31250e-02	4.09165e-04
7.56250e-02	1.43750e-02	-6.87985e+00
7.56250e-02	1.56250e-02	-1.10292e+01
7.56250e-02	1.68750e-02	-1.34924e+01
7.56250e-02	1.81250e-02	-1.53606e+01
7.56250e-02	1.93750e-02	-1.72350e+01
7.56250e-02	2.06250e-02	-1.96884e+01
7.56250e-02	2.18750e-02	-2.36318e+01
7.56250e-02	2.31250e-02	-3.12944e+01
7.56250e-02	2.43750e-02	-4.52201e+01

7.68750e-02	6.25000e-04	8.89539e+01
7.68750e-02	1.87500e-03	4.52835e+01
7.68750e-02	3.12500e-03	3.13000e+01
7.68750e-02	4.37500e-03	2.36012e+01
7.68750e-02	5.62500e-03	1.96296e+01
7.68750e-02	6.87500e-03	1.71550e+01
7.68750e-02	8.12500e-03	1.52678e+01
7.68750e-02	9.37500e-03	1.33978e+01
7.68750e-02	1.06250e-02	1.09457e+01
7.68750e-02	1.18750e-02	6.82678e+00
7.68750e-02	1.31250e-02	4.33544e-04
7.68750e-02	1.43750e-02	-6.82614e+00
7.68750e-02	1.56250e-02	-1.09454e+01
7.68750e-02	1.68750e-02	-1.33977e+01
7.68750e-02	1.81250e-02	-1.52677e+01
7.68750e-02	1.93750e-02	-1.71550e+01
7.68750e-02	2.06250e-02	-1.96297e+01
7.68750e-02	2.18750e-02	-2.36014e+01
7.68750e-02	2.31250e-02	-3.13003e+01
7.68750e-02	2.43750e-02	-4.52840e+01

7.81250e-02	6.25000e-04	8.91780e+01
7.81250e-02	1.87500e-03	4.53457e+01
7.81250e-02	3.12500e-03	3.13066e+01
7.81250e-02	4.37500e-03	2.35722e+01
7.81250e-02	5.62500e-03	1.95728e+01
7.81250e-02	6.87500e-03	1.70770e+01
7.81250e-02	8.12500e-03	1.51764e+01
7.81250e-02	9.37500e-03	1.33035e+01
7.81250e-02	1.06250e-02	1.08602e+01
7.81250e-02	1.18750e-02	6.76891e+00
7.81250e-02	1.31250e-02	4.58435e-04
7.81250e-02	1.43750e-02	-6.76823e+00
7.81250e-02	1.56250e-02	-1.08599e+01
7.81250e-02	1.68750e-02	-1.33033e+01
7.81250e-02	1.81250e-02	-1.51763e+01
7.81250e-02	1.93750e-02	-1.70770e+01
7.81250e-02	2.06250e-02	-1.95729e+01
7.81250e-02	2.18750e-02	-2.35724e+01
7.81250e-02	2.31250e-02	-3.13069e+01
7.81250e-02	2.43750e-02	-4.53463e+01

7.93750e-02	6.25000e-04	8.93920e+01
7.93750e-02	1.87500e-03	4.54063e+01
7.93750e-02	3.12500e-03	3.13136e+01
7.93750e-02	4.37500e-03	2.35446e+01
7.93750e-02	5.62500e-03	1.95179e+01
7.93750e-02	6.87500e-03	1.70009e+01
7.93750e-02	8.12500e-03	1.50866e+01
7.93750e-02	9.37500e-03	1.32096e+01
7.93750e-02	1.06250e-02	1.07734e+01
7.93750e-02	1.18750e-02	6.70721e+00
7.93750e-02	1.31250e-02	4.83780e-04
7.93750e-02	1.43750e-02	-6.70649e+00
7.93750e-02	1.56250e-02	-1.07730e+01
7.93750e-02	1.68750e-02	-1.32094e+01
7.93750e-02	1.81250e-02	-1.50865e+01
7.93750e-02	1.93750e-02	-1.70009e+01
7.93750e-02	2.06250e-02	-1.95180e+01
7.93750e-02	2.18750e-02	-2.35448e+01
7.93750e-02	2.31250e-02	-3.13140e+01
7.93750e-02	2.43750e-02	-4.54069e+01

8.06250e-02	6.25000e-04	8.95945e+01
8.06250e-02	1.87500e-03	4.54648e+01
8.06250e-02	3.12500e-03	3.13212e+01
8.06250e-02	4.37500e-03	2.35184e+01
8.06250e-02	5.62500e-03	1.94648e+01
8.06250e-02	6.87500e-03	1.69267e+01
8.06250e-02	8.12500e-03	1.49984e+01
8.06250e-02	9.37500e-03	1.31162e+01
8.06250e-02	1.06250e-02	1.06853e+01
8.06250e-02	1.18750e-02	6.64209e+00
8.06250e-02	1.31250e-02	5.09522e-04
8.06250e-02	1.43750e-02	-6.64134e+00
8.06250e-02	1.56250e-02	-1.06849e+01
8.06250e-02	1.68750e-02	-1.31160e+01
8.06250e-02	1.81250e-02	-1.49983e+01
8.06250e-02	1.93750e-02	-1.69267e+01
8.06250e-02	2.06250e-02	-1.94648e+01
8.06250e-02	2.18750e-02	-2.35187e+01
8.06250e-02	2.31250e-02	-3.13216e+01
8.06250e-02	2.43750e-02	-4.54654e+01

8.18750e-02	6.25000e-04	8.97831e+01
8.18750e-02	1.87500e-03	4.55210e+01
8.18750e-02	3.12500e-03	3.13291e+01
8.18750e-02	4.37500e-03	2.34936e+01
8.18750e-02	5.62500e-03	1.94134e+01
8.18750e-02	6.87500e-03	1.68544e+01
8.18750e-02	8.12500e-03	1.49117e+01
8.18750e-02	9.37500e-03	1.30235e+01
8.18750e-02	1.06250e-02	1.05962e+01
8.18750e-02	1.18750e-02	6.57397e+00
8.18750e-02	1.31250e-02	5.35601e-04
8.18750e-02	1.43750e-02	-6.57318e+00
8.18750e-02	1.56250e-02	-1.05957e+01
8.18750e-02	1.68750e-02	-1.30233e+01
8.18750e-02	1.81250e-02	-1.49116e+01
8.18750e-02	1.93750e-02	-1.68544e+01
8.18750e-02	2.06250e-02	-1.94135e+01
8.18750e-02	2.18750e-02	-2.34938e+01
8.18750e-02	2.31250e-02	-3.13295e+01
8.18750e-02	2.43750e-02	-4.55216e+01

8.31250e-02	6.25000e-04	8.99546e+01
8.31250e-02	1.87500e-03	4.55743e+01
8.31250e-02	3.12500e-03	3.13374e+01
8.31250e-02	4.37500e-03	2.34701e+01
8.31250e-02	5.62500e-03	1.93638e+01
8.31250e-02	6.87500e-03	1.67839e+01
8.31250e-02	8.12500e-03	1.48265e+01
8.31250e-02	9.37500e-03	1.29316e+01
8.31250e-02	1.06250e-02	1.05063e+01
8.31250e-02	1.18750e-02	6.50328e+00
8.31250e-02	1.31250e-02	5.61958e-04
8.31250e-02	1.43750e-02	-6.50244e+00
8.31250e-02	1.56250e-02	-1.05059e+01
8.31250e-02	1.68750e-02	-1.29313e+01
8.31250e-02	1.81250e-02	-1.48264e+01
8.31250e-02	1.93750e-02	-1.67839e+01
8.31250e-02	2.06250e-02	-1.93639e+01
8.31250e-02	2.18750e-02	-2.34703e+01
8.31250e-02	2.31250e-02	-3.13378e+01
8.31250e-02	2.43750e-02	-4.55749e+01

8.43750e-02	6.25000e-04	9.01045e+01
8.43750e-02	1.87500e-03	4.56240e+01
8.43750e-02	3.12500e-03	3.13458e+01
8.43750e-02	4.37500e-03	2.34479e+01
8.43750e-02	5.62500e-03	1.93158e+01
8.43750e-02	6.87500e-03	1.67152e+01
8.43750e-02	8.12500e-03	1.47429e+01
8.43750e-02	9.37500e-03	1.28405e+01
8.43750e-02	1.06250e-02	1.04159e+01
8.43750e-02	1.18750e-02	6.43047e+00
8.43750e-02	1.31250e-02	5.88531e-04
8.43750e-02	1.43750e-02	-6.42959e+00
8.43750e-02	1.56250e-02	-1.04154e+01
8.43750e-02	1.68750e-02	-1.28402e+01
8.43750e-02	1.81250e-02	-1.47428e+01
8.43750e-02	1.93750e-02	-1.67152e+01
8.43750e-02	2.06250e-02	-1.93159e+01
8.43750e-02	2.18750e-02	-2.34482e+01
8.43750e-02	2.31250e-02	-3.13463e+01
8.43750e-02	2.43750e-02	-4.56247e+01

8.56250e-02	6.25000e-04	9.02264e+01
8.56250e-02	1.87500e-03	4.56692e+01
8.56250e-02	3.12500e-03	3.13544e+01
8.56250e-02	4.37500e-03	2.34271e+01
8.56250e-02	5.62500e-03	1.92696e+01
8.56250e-02	6.87500e-03	1.66483e+01
8.56250e-02	8.12500e-03	1.46610e+01
8.56250e-02	9.37500e-03	1.27504e+01
8.56250e-02	1.06250e-02	1.03252e+01
8.56250e-02	1.18750e-02	6.35600e+00
8.56250e-02	1.31250e-02	6.15257e-04
8.56250e-02	1.43750e-02	-6.35507e+00
8.56250e-02	1.56250e-02	-1.03247e+01
8.56250e-02	1.68750e-02	-1.27501e+01
8.56250e-02	1.81250e-02	-1.46609e+01
8.56250e-02	1.93750e-02	-1.66483e+01
8.56250e-02	2.06250e-02	-1.92697e+01
8.56250e-02	2.18750e-02	-2.34274e+01
8.56250e-02	2.31250e-02	-3.13548e+01
8.56250e-02	2.43750e-02	-4.56699e+01

8.68750e-02	6.25000e-04	9.03113e+01
8.68750e-02	1.87500e-03	4.57085e+01
8.68750e-02	3.12500e-03	3.13629e+01
8.68750e-02	4.37500e-03	2.34077e+01
8.68750e-02	5.62500e-03	1.92251e+01
8.68750e-02	6.87500e-03	1.65832e+01
8.68750e-02	8.12500e-03	1.45807e+01
8.68750e-02	9.37500e-03	1.26615e+01
8.68750e-02	1.06250e-02	1.02346e+01
8.68750e-02	1.18750e-02	6.28035e+00
8.68750e-02	1.31250e-02	6.42070e-04
8.68750e-02	1.43750e-02	-6.27939e+00
8.68750e-02	1.56250e-02	-1.02341e+01
8.68750e-02	1.68750e-02	-1.26612e+01
8.68750e-02	1.81250e-02	-1.45806e+01
8.68750e-02	1.93750e-02	-1.65832e+01
8.68750e-02	2.06250e-02	-1.92253e+01
8.68750e-02	2.18750e-02	-2.34080e+01
8.68750e-02	2.31250e-02	-3.13634e+01
8.68750e-02	2.43750e-02	-4.57093e+01

8.81250e-02	6.25000e-04	9.03460e+01
8.81250e-02	1.87500e-03	4.57400e+01
8.81250e-02	3.12500e-03	3.13711e+01
8.81250e-02	4.37500e-03	2.33899e+01
8.81250e-02	5.62500e-03	1.91826e+01
8.81250e-02	6.87500e-03	1.65200e+01
8.81250e-02	8.12500e-03	1.45023e+01
8.81250e-02	9.37500e-03	1.25739e+01
8.81250e-02	1.06250e-02	1.01443e+01
8.81250e-02	1.18750e-02	6.20405e+00
8.81250e-02	1.31250e-02	6.68903e-04
8.81250e-02	1.43750e-02	-6.20304e+00
8.81250e-02	1.56250e-02	-1.01437e+01
8.81250e-02	1.68750e-02	-1.25736e+01
8.81250e-02	1.81250e-02	-1.45022e+01
8.81250e-02	1.93750e-02	-1.65200e+01
8.81250e-02	2.06250e-02	-1.91827e+01
8.81250e-02	2.18750e-02	-2.33902e+01
8.81250e-02	2.31250e-02	-3.13717e+01
8.81250e-02	2.43750e-02	-4.57408e+01

8.93750e-02	6.25000e-04	9.03114e+01
8.93750e-02	1.87500e-03	4.57608e+01
8.93750e-02	3.12500e-03	3.13789e+01
8.93750e-02	4.37500e-03	2.33739e+01
8.93750e-02	5.62500e-03	1.91420e+01
8.93750e-02	6.87500e-03	1.64590e+01
8.93750e-02	8.12500e-03	1.44259e+01
8.93750e-02	9.37500e-03	1.24881e+01
8.93750e-02	1.06250e-02	1.00548e+01
8.93750e-02	1.18750e-02	6.12763e+00
8.93750e-02	1.31250e-02	6.95685e-04
8.93750e-02	1.43750e-02	-6.12657e+00
8.93750e-02	1.56250e-02	-1.00542e+01
8.93750e-02	1.68750e-02	-1.24878e+01
8.93750e-02	1.81250e-02	-1.44258e+01
8.93750e-02	1.93750e-02	-1.64590e+01
8.93750e-02	2.06250e-02	-1.91422e+01
8.93750e-02	2.18750e-02	-2.33742e+01
8.93750e-02	2.31250e-02	-3.13795e+01
8.93750e-02	2.43750e-02	-4.57616e+01

9.06250e-02	6.25000e-04	9.01789e+01
9.06250e-02	1.87500e-03	4.57666e+01
9.06250e-02	3.12500e-03	3.13860e+01
9.06250e-02	4.37500e-03	2.33601e+01
9.06250e-02	5.62500e-03	1.91040e+01
9.06250e-02	6.87500e-03	1.64004e+01
9.06250e-02	8.12500e-03	1.43519e+01
9.06250e-02	9.37500e-03	1.24042e+01
9.06250e-02	1.06250e-02	9.96652e+00
9.06250e-02	1.18750e-02	6.05164e+00
9.06250e-02	1.31250e-02	7.22335e-04
9.06250e-02	1.43750e-02	-6.05054e+00
9.06250e-02	1.56250e-02	-9.96592e+00
9.06250e-02	1.68750e-02	-1.24039e+01
9.06250e-02	1.81250e-02	-1.43518e+01
9.06250e-02	1.93750e-02	-1.64004e+01
9.06250e-02	2.06250e-02	-1.91041e+01
9.06250e-02	2.18750e-02	-2.33605e+01
9.06250e-02	2.31250e-02	-3.13865e+01
9.06250e-02	2.43750e-02	-4.57674e+01

9.18750e-02	6.25000e-04	8.99040e+01
9.18750e-02	1.87500e-03	4.57510e+01
9.18750e-02	3.12500e-03	3.13919e+01
9.18750e-02	4.37500e-03	2.33492e+01
9.18750e-02	5.62500e-03	1.90690e+01
9.18750e-02	6.87500e-03	1.63447e+01
9.18750e-02	8.12500e-03	1.42807e+01
9.18750e-02	9.37500e-03	1.23229e+01
9.18750e-02	1.06250e-02	9.88005e+00
9.18750e-02	1.18750e-02	5.97668e+00
9.18750e-02	1.31250e-02	7.48766e-04
9.18750e-02	1.43750e-02	-5.97553e+00
9.18750e-02	1.56250e-02	-9.87941e+00
9.18750e-02	1.68750e-02	-1.23226e+01
9.18750e-02	1.81250e-02	-1.42806e+01
9.18750e-02	1.93750e-02	-1.63447e+01
9.18750e-02	2.06250e-02	-1.90692e+01
9.18750e-02	2.18750e-02	-2.33496e+01
9.18750e-02	2.31250e-02	-3.13925e+01
9.18750e-02	2.43750e-02	-4.57519e+01

9.31250e-02	6.25000e-04	8.94141e+01
9.31250e-02	1.87500e-03	4.57036e+01
9.31250e-02	3.12500e-03	3.13963e+01
9.31250e-02	4.37500e-03	2.33426e+01
9.31250e-02	5.62500e-03	1.90384e+01
9.31250e-02	6.87500e-03	1.62930e+01
9.31250e-02	8.12500e-03	1.42131e+01
9.31250e-02	9.37500e-03	1.22448e+01
9.31250e-02	1.06250e-02	9.79599e+00
9.31250e-02	1.18750e-02	5.90333e+00
9.31250e-02	1.31250e-02	7.74873e-04
9.31250e-02	1.43750e-02	-5.90213e+00
9.31250e-02	1.56250e-02	-9.79532e+00
9.31250e-02	1.68750e-02	-1.22445e+01
9.31250e-02	1.81250e-02	-1.42130e+01
9.31250e-02	1.93750e-02	-1.62930e+01
9.31250e-02	2.06250e-02	-1.90386e+01
9.31250e-02	2.18750e-02	-2.33430e+01
9.31250e-02	2.31250e-02	-3.13969e+01
9.31250e-02	2.43750e-02	-4.57045e+01

9.43750e-02	6.25000e-04	8.85824e+01
9.43750e-02	1.87500e-03	4.56067e+01
9.43750e-02	3.12500e-03	3.13998e+01
9.43750e-02	4.37500e-03	2.33432e+01
9.43750e-02	5.62500e-03	1.90147e+01
9.43750e-02	6.87500e-03	1.62470e+01
9.43750e-02	8.12500e-03	1.41504e+01
9.43750e-02	9.37500e-03	1.21707e+01
9.43750e-02	1.06250e-02	9.71499e+00
9.43750e-02	1.18750e-02	5.83213e+00
9.43750e-02	1.31250e-02	8.00532e-04
9.43750e-02	1.43750e-02	-5.83088e+00
9.43750e-02	1.56250e-02	-9.71429e+00
9.43750e-02	1.68750e-02	-1.21704e+01
9.43750e-02	1.81250e-02	-1.41502e+01
9.43750e-02	1.93750e-02	-1.62471e+01
9.43750e-02	2.06250e-02	-1.90149e+01
9.43750e-02	2.18750e-02	-2.33436e+01
9.43750e-02	2.31250e-02	-3.14005e+01
9.43750e-02	2.43750e-02	-4.56076e+01

9.56250e-02	6.25000e-04	8.71664e+01
9.56250e-02	1.87500e-03	4.54265e+01
9.56250e-02	3.12500e-03	3.14056e+01
9.56250e-02	4.37500e-03	2.33581e+01
9.56250e-02	5.62500e-03	1.90028e+01
9.56250e-02	6.87500e-03	1.62099e+01
9.56250e-02	8.12500e-03	1.40941e+01
9.56250e-02	9.37500e-03	1.21016e+01
9.56250e-02	1.06250e-02	9.63765e+00
9.56250e-02	1.18750e-02	5.76352e+00
9.56250e-02	1.31250e-02	8.25584e-04
9.56250e-02	1.43750e-02	-5.76223e+00
9.56250e-02	1.56250e-02	-9.63692e+00
9.56250e-02	1.68750e-02	-1.21012e+01
9.56250e-02	1.81250e-02	-1.40940e+01
9.56250e-02	1.93750e-02	-1.62099e+01
9.56250e-02	2.06250e-02	-1.90030e+01
9.56250e-02	2.18750e-02	-2.33585e+01
9.56250e-02	2.31250e-02	-3.14063e+01
9.56250e-02	2.43750e-02	-4.54274e+01

9.68750e-02	6.25000e-04	8.46427e+01
9.68750e-02	1.87500e-03	4.51481e+01
9.68750e-02	3.12500e-03	3.14768e+01
9.68750e-02	4.37500e-03	2.34326e+01
9.68750e-02	5.62500e-03	1.90285e+01
9.68750e-02	6.87500e-03	1.61952e+01
9.68750e-02	8.12500e-03	1.40514e+01
9.68750e-02	9.37500e-03	1.20407e+01
9.68750e-02	1.06250e-02	9.56542e+00
9.68750e-02	1.18750e-02	5.69811e+00
9.68750e-02	1.31250e-02	8.49852e-04
9.68750e-02	1.43750e-02	-5.69677e+00
9.68750e-02	1.56250e-02	-9.56466e+00
9.68750e-02	1.68750e-02	-1.20403e+01
9.68750e-02	1.81250e-02	-1.40513e+01
9.68750e-02	1.93750e-02	-1.61952e+01
9.68750e-02	2.06250e-02	-1.90288e+01
9.68750e-02	2.18750e-02	-2.34331e+01
9.68750e-02	2.31250e-02	-3.14776e+01
9.68750e-02	2.43750e-02	-4.51490e+01

9.81250e-02	6.25000e-04	7.98170e+01
9.81250e-02	1.87500e-03	4.46330e+01
9.81250e-02	3.12500e-03	3.16416e+01
9.81250e-02	4.37500e-03	2.35882e+01
9.81250e-02	5.62500e-03	1.91079e+01
9.81250e-02	6.87500e-03	1.62152e+01
9.81250e-02	8.12500e-03	1.40309e+01
9.81250e-02	9.37500e-03	1.19935e+01
9.81250e-02	1.06250e-02	9.50103e+00
9.81250e-02	1.18750e-02	5.63675e+00
9.81250e-02	1.31250e-02	8.73123e-04
9.81250e-02	1.43750e-02	-5.63537e+00
9.81250e-02	1.56250e-02	-9.50024e+00
9.81250e-02	1.68750e-02	-1.19931e+01
9.81250e-02	1.81250e-02	-1.40307e+01
9.81250e-02	1.93750e-02	-1.62153e+01
9.81250e-02	2.06250e-02	-1.91082e+01
9.81250e-02	2.18750e-02	-2.35887e+01
9.81250e-02	2.31250e-02	-3.16424e+01
9.81250e-02	2.43750e-02	-4.46339e+01

9.93750e-02	6.25000e-04	6.93042e+01
9.93750e-02	1.87500e-03	5.71908e+01
9.93750e-02	3.12500e-03	4.15889e+01
9.93750e-02	4.37500e-03	3.08377e+01
9.93750e-02	5.62500e-03	2.45403e+01
9.93750e-02	6.87500e-03	2.03789e+01
9.93750e-02	8.12500e-03	1.72061e+01
9.93750e-02	9.37500e-03	1.43145e+01
9.93750e-02	1.06250e-02	1.10219e+01
9.93750e-02	1.18750e-02	6.37864e+00
9.93750e-02	1.31250e-02	1.00896e-03
9.93750e-02	1.43750e-02	-6.37700e+00
9.93750e-02	1.56250e-02	-1.10209e+01
9.93750e-02	1.68750e-02	-1.43139e+01
9.93750e-02	1.81250e-02	-1.72058e+01
9.93750e-02	1.93750e-02	-2.03788e+01
9.93750e-02	2.06250e-02	-2.45404e+01
9.93750e-02	2.18750e-02	-3.08381e+01
9.93750e-02	2.31250e-02	-4.15896e+01
9.93750e-02	2.43750e-02	-5.71918e+01

