step	time	u	v	T
1	1.00000e-01	3.71334e-02	3.80520e-03	2.80339e+02
2	2.00000e-01	3.77993e-02	3.36223e-03	2.81297e+02
3	3.00000e-01	3.51990e-02	4.26203e-04	2.78902e+02
4	4.00000e-01	3.51472e-02	-4.45688e-05	2.77301e+02
5	5.00000e-01	3.73945e-02	2.94746e-03	2.81347e+02
6	6.00000e-01	3.42987e-02	1.58770e-03	2.78462e+02
7	7.00000e-01	3.42440e-02	1.17499e-03	2.78612e+02
8	8.00000e-01	3.69432e-02	2.75717e-03	2.80747e+02
9	9.00000e-01	3.64699e-02	3.14202e-03	2.79852e+02
10	1.00000e+00	3.38378e-02	2.64864e-03	2.79963e+02
11	1.10000e+00	3.44528e-02	2.50743e-03	2.80850e+02
12	1.20000e+00	3.64925e-02	3.01878e-03	2.79886e+02
13	1.30000e+00	3.63654e-02	3.39314e-03	2.79084e+02
14	1.40000e+00	3.58945e-02	3.74466e-03	2.78790e+02
15	1.50000e+00	3.53406e-02	3.99067e-03	2.79135e+02
16	1.60000e+00	3.49411e-02	4.07783e-03	2.79884e+02
17	1.70000e+00	3.48091e-02	4.00502e-03	2.80604e+02
18	1.80000e+00	3.49098e-02	3.83085e-03	2.80918e+02
19	1.90000e+00	3.51123e-02	3.65800e-03	2.80719e+02
20	2.00000e+00	3.52762e-02	3.59538e-03	2.80204e+02
21	2.10000e+00	3.53213e-02	3.71170e-03	2.79728e+02
22	2.20000e+00	3.52480e-02	4.00203e-03	2.79585e+02
23	2.30000e+00	3.51153e-02	4.38521e-03	2.79843e+02
24	2.40000e+00	3.49964e-02	4.73629e-03	2.80325e+02
25	2.50000e+00	3.49412e-02	4.94105e-03	2.80735e+02
26	2.60000e+00	3.49601e-02	4.94834e-03	2.80858e+02
27	2.70000e+00	3.50323e-02	4.79414e-03	2.80691e+02
28	2.80000e+00	3.51255e-02	4.58441e-03	2.80419e+02
29	2.90000e+00	3.52100e-02	4.44526e-03	2.80289e+02
30	3.00000e+00	3.52614e-02	4.46535e-03	2.80459e+02
31	3.10000e+00	3.52582e-02	4.65698e-03	2.80905e+02
32	3.20000e+00	3.48165e-02	5.40200e-03	2.81844e+02
33	3.30000e+00	3.45879e-02	5.39803e-03	2.81587e+02
34	3.40000e+00	3.44064e-02	5.25166e-03	2.81231e+02
35	3.50000e+00	3.45002e-02	4.85473e-03	2.81599e+02
36	3.60000e+00	3.46476e-02	4.94406e-03	2.82217e+02
37	3.70000e+00	3.47235e-02	5.11084e-03	2.82770e+02
38	3.80000e+00	3.41804e-02	5.28779e-03	2.82749e+02
39	3.90000e+00	3.38857e-02	5.12705e-03	2.82458e+02
40	4.00000e+00	3.36585e-02	4.91904e-03	2.82348e+02
41	4.10000e+00	3.33800e-02	4.61266e-03	2.83540e+02
42	4.20000e+00	3.32125e-02	4.65483e-03	2.84060e+02
43	4.30000e+00	3.16813e-02	4.43061e-03	2.84170e+02
44	4.40000e+00	3.14424e-02	4.20920e-03	2.84061e+02
45	4.50000e+00	3.14367e-02	3.64241e-03	2.85126e+02
46	4.60000e+00	3.12535e-02	3.61785e-03	2.85498e+02
47	4.70000e+00	3.08990e-02	3.58242e-03	2.85766e+02
48	4.80000e+00	2.94501e-02	3.15526e-03	2.85902e+02
49	4.90000e+00	2.91087e-02	2.92825e-03	2.85851e+02
50	5.00000e+00	2.88962e-02	2.71389e-03	2.85830e+02
51	5.10000e+00	2.86986e-02	2.44441e-03	2.85982e+02
52	5.20000e+00	2.85954e-02	2.40067e-03	2.86160e+02
53	5.30000e+00	2.84332e-02	2.38857e-03	2.86376e+02
54	5.40000e+00	2.82068e-02	2.37064e-03	2.86585e+02
55	5.50000e+00	2.79382e-02	2.31373e-03	2.86741e+02
56	5.60000e+00	2.76606e-02	2.20254e-03	2.86808e+02
57	5.70000e+00	2.74025e-02	2.04634e-03	2.86778e+02
58	5.80000e+00	2.71751e-02	1.87569e-03	2.86675e+02
59	5.90000e+00	2.69712e-02	1.73038e-03	2.86547e+02
60	6.00000e+00	2.67715e-02	1.64341e-03	2.86452e+02
61	6.10000e+00	2.65560e-02	1.62761e-03	2.86429e+02
62	6.20000e+00	2.63157e-02	1.67051e-03	2.86489e+02
63	6.30000e+00	2.60571e-02	1.73953e-03	2.86598e+02
64	6.40000e+00	2.58013e-02	1.79576e-03	2.86698e+02
65	6.50000e+00	2.55760e-02	1.81038e-03	2.86726e+02
66	6.60000e+00	2.54055e-02	1.77694e-03	2.86650e+02
67	6.70000e+00	2.53021e-02	1.71371e-03	2.86480e+02
68	6.80000e+00	2.52627e-02	1.65534e-03	2.86264e+02
69	6.90000e+00	2.52709e-02	1.63744e-03	2.86067e+02
70	7.00000e+00	2.53034e-02	1.68121e-03	2.85937e+02
71	7.10000e+00	2.53386e-02	1.78462e-03	2.85884e+02
72	7.20000e+00	2.53625e-02	1.92394e-03	2.85876e+02
73	7.30000e+00	2.53717e-02	2.06453e-03	2.85852e+02
74	7.40000e+00	2.53710e-02	2.17628e-03	2.85755e+02
75	7.50000e+00	2.53690e-02	2.24658e-03	2.85565e+02
76	7.60000e+00	2.53731e-02	2.28496e-03	2.85306e+02
77	7.70000e+00	2.53865e-02	2.31737e-03	2.85039e+02
78	7.80000e+00	2.54085e-02	2.37334e-03	2.84829e+02
79	7.90000e+00	2.54378e-02	2.47205e-03	2.84707e+02
80	8.00000e+00	2.54767e-02	2.61390e-03	2.84658e+02
81	8.10000e+00	2.55335e-02	2.78104e-03	2.84622e+02
82	8.20000e+00	2.56216e-02	2.94622e-03	2.84530e+02
83	8.30000e+00	2.57549e-02	3.08567e-03	2.84334e+02
84	8.40000e+00	2.59406e-02	3.18968e-03	2.84041e+02
85	8.50000e+00	2.61726e-02	3.26613e-03	2.83710e+02
86	8.60000e+00	2.64303e-02	3.33547e-03	2.83427e+02
87	8.70000e+00	2.66818e-02	3.42021e-03	2.83265e+02
88	8.80000e+00	2.70433e-02	3.67503e-03	2.83347e+02
89	8.90000e+00	2.71239e-02	3.82787e-03	2.83479e+02
90	9.00000e+00	2.71515e-02	3.97002e-03	2.83558e+02
91	9.10000e+00	2.72594e-02	4.20609e-03	2.83161e+02
92	9.20000e+00	2.73996e-02	4.24236e-03	2.82960e+02
93	9.30000e+00	2.75992e-02	4.28747e-03	2.82851e+02
94	9.40000e+00	2.78366e-02	4.35426e-03	2.82876e+02
95	9.50000e+00	2.83141e-02	4.54135e-03	2.83261e+02
96	9.60000e+00	2.85141e-02	4.62982e-03	2.83501e+02
97	9.70000e+00	2.86805e-02	4.68983e-03	2.83683e+02
98	9.80000e+00	2.88189e-02	4.71147e-03	2.83775e+02
99	9.90000e+00	2.89378e-02	4.69742e-03	2.83784e+02
100	1.00000e+01	2.90424e-02	4.66153e-03	2.83754e+02
101	1.01000e+01	2.91327e-02	4.62276e-03	2.83744e+02
102	1.02000e+01	2.92042e-02	4.59714e-03	2.83806e+02
103	1.03000e+01	2.92520e-02	4.59108e-03	2.83963e+02
104	1.04000e+01	2.92748e-02	4.59878e-03	2.84204e+02
105	1.05000e+01	2.92772e-02	4.60470e-03	2.84484e+02
106	1.06000e+01	2.92687e-02	4.59009e-03	2.84752e+02
107	1.07000e+01	2.92599e-02	4.54084e-03	2.84964e+02
108	1.08000e+01	2.92580e-02	4.45338e-03	2.85105e+02
109	1.09000e+01	2.92638e-02	4.33601e-03	2.85193e+02
110	1.10000e+01	2.92709e-02	4.20531e-03	2.85268e+02
111	1.11000e+01	2.92684e-02	4.07903e-03	2.85378e+02
112	1.12000e+01	2.92448e-02	3.96864e-03	2.85554e+02
113	1.13000e+01	2.91922e-02	3.87483e-03	2.85800e+02
114	1.14000e+01	2.91077e-02	3.78754e-03	2.86091e+02
115	1.15000e+01	2.89937e-02	3.69072e-03	2.86386e+02
116	1.16000e+01	2.88545e-02	3.56954e-03	2.86647e+02
117	1.17000e+01	2.86937e-02	3.41694e-03	2.86851e+02
118	1.18000e+01	2.85126e-02	3.23670e-03	2.87008e+02
119	1.19000e+01	2.83099e-02	3.04170e-03	2.87144e+02
120	1.20000e+01	2.80853e-02	2.84832e-03	2.87296e+02
121	1.21000e+01	2.78424e-02	2.66951e-03	2.87491e+02
122	1.22000e+01	2.75918e-02	2.50966e-03	2.87730e+02
123	1.23000e+01	2.73499e-02	2.36339e-03	2.87993e+02
124	1.24000e+01	2.71353e-02	2.21865e-03	2.88244e+02
125	1.25000e+01	2.69619e-02	2.06274e-03	2.88446e+02
126	1.26000e+01	2.68319e-02	1.88834e-03	2.88585e+02
127	1.27000e+01	2.67326e-02	1.69712e-03	2.88672e+02
128	1.28000e+01	2.66377e-02	1.49912e-03	2.88741e+02
129	1.29000e+01	2.65141e-02	1.30846e-03	2.88833e+02
130	1.30000e+01	2.63330e-02	1.13742e-03	2.88980e+02
131	1.31000e+01	2.60794e-02	9.91338e-04	2.89185e+02
132	1.32000e+01	2.57587e-02	8.66833e-04	2.89424e+02
133	1.33000e+01	2.53965e-02	7.53907e-04	2.89648e+02
134	1.34000e+01	2.50308e-02	6.41038e-04	2.89808e+02
135	1.35000e+01	2.47004e-02	5.20953e-04	2.89868e+02
136	1.36000e+01	2.44322e-02	3.94425e-04	2.89826e+02
137	1.37000e+01	2.42330e-02	2.70408e-04	2.89714e+02
138	1.38000e+01	2.40890e-02	1.62434e-04	2.89586e+02
139	1.39000e+01	2.39716e-02	8.29115e-05	2.89500e+02
140	1.40000e+01	2.38495e-02	3.78585e-05	2.89493e+02
141	1.41000e+01	2.37002e-02	2.43527e-05	2.89569e+02
142	1.42000e+01	2.35172e-02	3.18084e-05	2.89693e+02
143	1.43000e+01	2.33112e-02	4.65631e-05	2.89806e+02
144	1.44000e+01	2.31043e-02	5.78543e-05	2.89848e+02
145	1.45000e+01	2.29201e-02	6.26127e-05	2.89777e+02
146	1.46000e+01	2.27741e-02	6.69448e-05	2.89588e+02
147	1.47000e+01	2.26687e-02	8.36002e-05	2.89316e+02
148	1.48000e+01	2.25931e-02	1.26504e-04	2.89021e+02
149	1.49000e+01	2.25300e-02	2.04703e-04	2.88765e+02
150	1.50000e+01	2.24644e-02	3.18297e-04	2.88587e+02
151	1.51000e+01	2.23916e-02	4.58051e-04	2.88494e+02
152	1.52000e+01	2.23202e-02	6.08861e-04	2.88452e+02
153	1.53000e+01	2.22697e-02	7.55649e-04	2.88400e+02
154	1.54000e+01	2.22632e-02	8.89286e-04	2.88280e+02
155	1.55000e+01	2.23177e-02	1.01006e-03	2.88051e+02
156	1.56000e+01	2.24375e-02	1.12719e-03	2.87712e+02
157	1.57000e+01	2.26114e-02	1.25462e-03	2.87298e+02
158	1.58000e+01	2.28161e-02	1.40481e-03	2.86868e+02
159	1.59000e+01	2.30241e-02	1.58322e-03	2.86481e+02
160	1.60000e+01	2.32121e-02	1.78568e-03	2.86175e+02
161	1.61000e+01	2.33681e-02	1.99978e-03	2.85953e+02
162	1.62000e+01	2.34938e-02	2.20950e-03	2.85788e+02
163	1.63000e+01	2.36027e-02	2.40137e-03	2.85631e+02
164	1.64000e+01	2.37140e-02	2.56951e-03	2.85439e+02
165	1.65000e+01	2.38455e-02	2.71742e-03	2.85186e+02
166	1.66000e+01	2.40085e-02	2.85599e-03	2.84872e+02
167	1.67000e+01	2.42052e-02	2.99846e-03	2.84527e+02
168	1.68000e+01	2.44307e-02	3.15462e-03	2.84192e+02
169	1.69000e+01	2.46768e-02	3.32666e-03	2.83904e+02
170	1.70000e+01	2.49355e-02	3.50833e-03	2.83687e+02
171	1.71000e+01	2.52026e-02	3.68756e-03	2.83544e+02
172	1.72000e+01	2.54767e-02	3.85144e-03	2.83458e+02
173	1.73000e+01	2.57572e-02	3.99125e-03	2.83406e+02
174	1.74000e+01	2.60413e-02	4.10566e-03	2.83366e+02
175	1.75000e+01	2.63215e-02	4.20063e-03	2.83325e+02
176	1.76000e+01	2.65865e-02	4.28641e-03	2.83280e+02
177	1.77000e+01	2.68243e-02	4.37284e-03	2.83239e+02
178	1.78000e+01	2.70271e-02	4.46520e-03	2.83214e+02
179	1.79000e+01	2.71960e-02	4.56210e-03	2.83212e+02
180	1.80000e+01	2.73418e-02	4.65637e-03	2.83239e+02
181	1.81000e+01	2.74836e-02	4.73823e-03	2.83294e+02
182	1.82000e+01	2.76422e-02	4.79950e-03	2.83372e+02
183	1.83000e+01	2.78332e-02	4.83679e-03	2.83468e+02
184	1.84000e+01	2.80606e-02	4.85266e-03	2.83579e+02
185	1.85000e+01	2.83141e-02	4.85406e-03	2.83704e+02
186	1.86000e+01	2.85719e-02	4.84915e-03	2.83844e+02
187	1.87000e+01	2.88072e-02	4.84365e-03	2.84000e+02
188	1.88000e+01	2.89968e-02	4.83843e-03	2.84172e+02
189	1.89000e+01	2.91283e-02	4.82923e-03	2.84355e+02
190	1.90000e+01	2.92033e-02	4.80855e-03	2.84544e+02
191	1.91000e+01	2.92356e-02	4.76893e-03	2.84735e+02
192	1.92000e+01	2.92451e-02	4.70616e-03	2.84924e+02
193	1.93000e+01	2.92492e-02	4.62109e-03	2.85111e+02
194	1.94000e+01	2.92565e-02	4.51928e-03	2.85300e+02
195	1.95000e+01	2.92642e-02	4.40869e-03	2.85497e+02
196	1.96000e+01	2.92605e-02	4.29638e-03	2.85708e+02
197	1.97000e+01	2.92308e-02	4.18558e-03	2.85938e+02
198	1.98000e+01	2.91647e-02	4.07441e-03	2.86186e+02
199	1.99000e+01	2.90620e-02	3.95674e-03	2.86446e+02
200	2.00000e+01	2.89331e-02	3.82487e-03	2.86707e+02
201	2.01000e+01	2.87956e-02	3.67295e-03	2.86959e+02
202	2.02000e+01	2.86672e-02	3.49968e-03	2.87193e+02
203	2.03000e+01	2.85577e-02	3.30925e-03	2.87407e+02
204	2.04000e+01	2.84648e-02	3.10996e-03	2.87608e+02
205	2.05000e+01	2.83737e-02	2.91119e-03	2.87808e+02
206	2.06000e+01	2.82619e-02	2.71987e-03	2.88020e+02
207	2.07000e+01	2.81073e-02	2.53794e-03	2.88253e+02
208	2.08000e+01	2.78968e-02	2.36181e-03	2.88511e+02
209	2.09000e+01	2.76312e-02	2.18414e-03	2.88785e+02
210	2.10000e+01	2.73261e-02	1.99718e-03	2.89058e+02
211	2.11000e+01	2.70068e-02	1.79643e-03	2.89310e+02
212	2.12000e+01	2.67008e-02	1.58300e-03	2.89521e+02
213	2.13000e+01	2.64287e-02	1.36374e-03	2.89683e+02
214	2.14000e+01	2.61986e-02	1.14905e-03	2.89800e+02
215	2.15000e+01	2.60045e-02	9.49192e-04	2.89887e+02
216	2.16000e+01	2.58296e-02	7.70681e-04	2.89968e+02
217	2.17000e+01	2.56524e-02	6.14174e-04	2.90066e+02
218	2.18000e+01	2.54545e-02	4.74704e-04	2.90195e+02
219	2.19000e+01	2.52255e-02	3.44161e-04	2.90352e+02
220	2.20000e+01	2.49657e-02	2.14990e-04	2.90522e+02
221	2.21000e+01	2.46835e-02	8.36288e-05	2.90676e+02
222	2.22000e+01	2.43920e-02	-4.77223e-05	2.90787e+02
223	2.23000e+01	2.41036e-02	-1.71676e-04	2.90833e+02
224	2.24000e+01	2.38266e-02	-2.78325e-04	2.90813e+02
225	2.25000e+01	2.35644e-02	-3.58890e-04	2.90739e+02
226	2.26000e+01	2.33167e-02	-4.08856e-04	2.90639e+02
227	2.27000e+01	2.30824e-02	-4.29359e-04	2.90542e+02
228	2.28000e+01	2.28621e-02	-4.26345e-04	2.90470e+02
229	2.29000e+01	2.26602e-02	-4.07920e-04	2.90428e+02
230	2.30000e+01	2.24831e-02	-3.81045e-04	2.90402e+02
231	2.31000e+01	2.23375e-02	-3.48893e-04	2.90369e+02
232	2.32000e+01	2.22269e-02	-3.09896e-04	2.90301e+02
233	2.33000e+01	2.21496e-02	-2.58754e-04	2.90178e+02
234	2.34000e+01	2.20983e-02	-1.88905e-04	2.89996e+02
235	2.35000e+01	2.20622e-02	-9.53828e-05	2.89766e+02
236	2.36000e+01	2.20312e-02	2.30916e-05	2.89511e+02
237	2.37000e+01	2.19990e-02	1.63560e-04	2.89254e+02
238	2.38000e+01	2.19662e-02	3.19928e-04	2.89010e+02
239	2.39000e+01	2.19398e-02	4.85179e-04	2.88782e+02
240	2.40000e+01	2.19309e-02	6.53762e-04	2.88561e+02
241	2.41000e+01	2.19512e-02	8.23198e-04	2.88328e+02
242	2.42000e+01	2.20086e-02	9.94345e-04	2.88068e+02
243	2.43000e+01	2.21050e-02	1.17030e-03	2.87769e+02
244	2.44000e+01	2.22363e-02	1.35451e-03	2.87432e+02
245	2.45000e+01	2.23946e-02	1.54884e-03	2.87069e+02
246	2.46000e+01	2.25714e-02	1.75252e-03	2.86695e+02
247	2.47000e+01	2.27608e-02	1.96210e-03	2.86326e+02
248	2.48000e+01	2.29613e-02	2.17263e-03	2.85973e+02
249	2.49000e+01	2.31744e-02	2.37932e-03	2.85642e+02
250	2.50000e+01	2.34028e-02	2.57901e-03	2.85331e+02
251	2.51000e+01	2.36471e-02	2.77093e-03	2.85037e+02
252	2.52000e+01	2.39032e-02	2.95643e-03	2.84756e+02
253	2.53000e+01	2.41632e-02	3.13786e-03	2.84486e+02
254	2.54000e+01	2.44167e-02	3.31715e-03	2.84230e+02
255	2.55000e+01	2.46555e-02	3.49465e-03	2.83992e+02
256	2.56000e+01	2.48769e-02	3.66875e-03	2.83776e+02
257	2.57000e+01	2.50859e-02	3.83639e-03	2.83586e+02
258	2.58000e+01	2.52947e-02	3.99412e-03	2.83424e+02
259	2.59000e+01	2.55191e-02	4.13942e-03	2.83290e+02
260	2.60000e+01	2.57728e-02	4.27155e-03	2.83184e+02
261	2.61000e+01	2.60627e-02	4.39166e-03	2.83103e+02
262	2.62000e+01	2.63850e-02	4.50217e-03	2.83050e+02
263	2.63000e+01	2.67260e-02	4.60562e-03	2.83025e+02
264	2.64000e+01	2.70650e-02	4.70347e-03	2.83030e+02
265	2.65000e+01	2.73808e-02	4.79539e-03	2.83067e+02
266	2.66000e+01	2.76574e-02	4.87922e-03	2.83132e+02
267	2.67000e+01	2.78885e-02	4.95167e-03	2.83223e+02
268	2.68000e+01	2.80789e-02	5.00953e-03	2.83334e+02
269	2.69000e+01	2.82412e-02	5.05080e-03	2.83456e+02
270	2.70000e+01	2.83919e-02	5.07547e-03	2.83584e+02
271	2.71000e+01	2.85449e-02	5.08548e-03	2.83715e+02
272	2.72000e+01	2.87073e-02	5.08392e-03	2.83849e+02
273	2.73000e+01	2.88777e-02	5.07385e-03	2.83991e+02
274	2.74000e+01	2.90476e-02	5.05704e-03	2.84147e+02
275	2.75000e+01	2.92048e-02	5.03322e-03	2.84323e+02
276	2.76000e+01	2.93385e-02	5.00010e-03	2.84524e+02
277	2.77000e+01	2.94419e-02	4.95413e-03	2.84747e+02
278	2.78000e+01	2.95144e-02	4.89188e-03	2.84986e+02
279	2.79000e+01	2.95598e-02	4.81126e-03	2.85234e+02
280	2.80000e+01	2.95841e-02	4.71243e-03	2.85479e+02
281	2.81000e+01	2.95916e-02	4.59781e-03	2.85717e+02
282	2.82000e+01	2.95828e-02	4.47130e-03	2.85945e+02
283	2.83000e+01	2.95542e-02	4.33691e-03	2.86167e+02
284	2.84000e+01	2.95000e-02	4.19742e-03	2.86392e+02
285	2.85000e+01	2.94146e-02	4.05341e-03	2.86627e+02
286	2.86000e+01	2.92960e-02	3.90320e-03	2.86879e+02
287	2.87000e+01	2.91472e-02	3.74366e-03	2.87149e+02
288	2.88000e+01	2.89764e-02	3.57161e-03	2.87432e+02
289	2.89000e+01	2.87944e-02	3.38525e-03	2.87718e+02
290	2.90000e+01	2.86117e-02	3.18517e-03	2.87996e+02
291	2.91000e+01	2.84352e-02	2.97441e-03	2.88255e+02
292	2.92000e+01	2.82661e-02	2.75769e-03	2.88493e+02
293	2.93000e+01	2.81002e-02	2.53995e-03	2.88711e+02
294	2.94000e+01	2.79293e-02	2.32485e-03	2.88919e+02
295	2.95000e+01	2.77439e-02	2.11380e-03	2.89127e+02
296	2.96000e+01	2.75366e-02	1.90588e-03	2.89345e+02
297	2.97000e+01	2.73035e-02	1.69866e-03	2.89576e+02
298	2.98000e+01	2.70449e-02	1.48965e-03	2.89816e+02
299	2.99000e+01	2.67650e-02	1.27774e-03	2.90055e+02
300	3.00000e+01	2.64699e-02	1.06413e-03	2.90277e+02
301	3.01000e+01	2.61660e-02	8.52382e-04	2.90469e+02
302	3.02000e+01	2.58593e-02	6.47511e-04	2.90623e+02
303	3.03000e+01	2.55547e-02	4.54562e-04	2.90740e+02
304	3.04000e+01	2.52560e-02	2.77209e-04	2.90826e+02
305	3.05000e+01	2.49666e-02	1.16918e-04	2.90895e+02
306	3.06000e+01	2.46894e-02	-2.70101e-05	2.90957e+02
307	3.07000e+01	2.44264e-02	-1.56609e-04	2.91021e+02
308	3.08000e+01	2.41778e-02	-2.73962e-04	2.91087e+02
309	3.09000e+01	2.39419e-02	-3.79987e-04	2.91147e+02
310	3.10000e+01	2.37144e-02	-4.73789e-04	2.91191e+02
311	3.11000e+01	2.34900e-02	-5.52799e-04	2.91210e+02
312	3.12000e+01	2.32631e-02	-6.13605e-04	2.91196e+02
313	3.13000e+01	2.30306e-02	-6.53118e-04	2.91149e+02
314	3.14000e+01	2.27936e-02	-6.69589e-04	2.91074e+02
315	3.15000e+01	2.25574e-02	-6.63102e-04	2.90977e+02
316	3.16000e+01	2.23317e-02	-6.35367e-04	2.90865e+02
317	3.17000e+01	2.21279e-02	-5.88939e-04	2.90740e+02
318	3.18000e+01	2.19566e-02	-5.26209e-04	2.90602e+02
319	3.19000e+01	2.18248e-02	-4.48594e-04	2.90450e+02
320	3.20000e+01	2.17345e-02	-3.56229e-04	2.90278e+02
321	3.21000e+01	2.16822e-02	-2.48251e-04	2.90084e+02
322	3.22000e+01	2.16609e-02	-1.23550e-04	2.89870e+02
323	3.23000e+01	2.16627e-02	1.83544e-05	2.89637e+02
324	3.24000e+01	2.16806e-02	1.76695e-04	2.89386e+02
325	3.25000e+01	2.17111e-02	3.49337e-04	2.89120e+02
326	3.26000e+01	2.17546e-02	5.33218e-04	2.88836e+02
327	3.27000e+01	2.18138e-02	7.25142e-04	2.88533e+02
328	3.28000e+01	2.18926e-02	9.22611e-04	2.88208e+02
329	3.29000e+01	2.19937e-02	1.12432e-03	2.87864e+02
330	3.30000e+01	2.21171e-02	1.33012e-03	2.87504e+02
331	3.31000e+01	2.22604e-02	1.54045e-03	2.87136e+02
332	3.32000e+01	2.24200e-02	1.75550e-03	2.86767e+02
333	3.33000e+01	2.25921e-02	1.97451e-03	2.86402e+02
334	3.34000e+01	2.27752e-02	2.19548e-03	2.86045e+02
335	3.35000e+01	2.29706e-02	2.41546e-03	2.85697e+02
336	3.36000e+01	2.31822e-02	2.63130e-03	2.85354e+02
337	3.37000e+01	2.34147e-02	2.84056e-03	2.85016e+02
338	3.38000e+01	2.36718e-02	3.04213e-03	2.84685e+02
339	3.39000e+01	2.39540e-02	3.23631e-03	2.84367e+02
340	3.40000e+01	2.42573e-02	3.42433e-03	2.84070e+02
341	3.41000e+01	2.45737e-02	3.60748e-03	2.83804e+02
342	3.42000e+01	2.48927e-02	3.78630e-03	2.83575e+02
343	3.43000e+01	2.52038e-02	3.96005e-03	2.83386e+02
344	3.44000e+01	2.54992e-02	4.12682e-03	2.83235e+02
345	3.45000e+01	2.57762e-02	4.28406e-03	2.83120e+02
346	3.46000e+01	2.60369e-02	4.42940e-03	2.83035e+02
347	3.47000e+01	2.62882e-02	4.56145e-03	2.82974e+02
348	3.48000e+01	2.65388e-02	4.68010e-03	2.82936e+02
349	3.49000e+01	2.67970e-02	4.78642e-03	2.82917e+02
350	3.50000e+01	2.70678e-02	4.88213e-03	2.82918e+02
351	3.51000e+01	2.73516e-02	4.96883e-03	2.82941e+02
352	3.52000e+01	2.76441e-02	5.04736e-03	2.82986e+02
353	3.53000e+01	2.79370e-02	5.11743e-03	2.83058e+02
354	3.54000e+01	2.82205e-02	5.17770e-03	2.83157e+02
355	3.55000e+01	2.84855e-02	5.22619e-03	2.83284e+02
356	3.56000e+01	2.87248e-02	5.26090e-03	2.83436e+02
357	3.57000e+01	2.89349e-02	5.28040e-03	2.83610e+02
358	3.58000e+01	2.91153e-02	5.28422e-03	2.83797e+02
359	3.59000e+01	2.92680e-02	5.27291e-03	2.83993e+02
360	3.60000e+01	2.93964e-02	5.24779e-03	2.84190e+02
361	3.61000e+01	2.95037e-02	5.21043e-03	2.84386e+02
362	3.62000e+01	2.95928e-02	5.16213e-03	2.84583e+02
363	3.63000e+01	2.96653e-02	5.10342e-03	2.84785e+02
364	3.64000e+01	2.97218e-02	5.03394e-03	2.84997e+02
365	3.65000e+01	2.97622e-02	4.95252e-03	2.85226e+02
366	3.66000e+01	2.97862e-02	4.85765e-03	2.85473e+02
367	3.67000e+01	2.97932e-02	4.74804e-03	2.85736e+02
368	3.68000e+01	2.97827e-02	4.62312e-03	2.86012e+02
369	3.69000e+01	2.97539e-02	4.48335e-03	2.86292e+02
370	3.70000e+01	2.97057e-02	4.33015e-03	2.86568e+02
371	3.71000e+01	2.96367e-02	4.16552e-03	2.86837e+02
372	3.72000e+01	2.95454e-02	3.99148e-03	2.87097e+02
373	3.73000e+01	2.94306e-02	3.80954e-03	2.87351e+02
374	3.74000e+01	2.92915e-02	3.62038e-03	2.87606e+02
375	3.75000e+01	2.91286e-02	3.42389e-03	2.87866e+02
376	3.76000e+01	2.89431e-02	3.21950e-03	2.88137e+02
377	3.77000e+01	2.87376e-02	3.00678e-03	2.88416e+02
378	3.78000e+01	2.85155e-02	2.78595e-03	2.88699e+02
379	3.79000e+01	2.82807e-02	2.55819e-03	2.88979e+02
380	3.80000e+01	2.80369e-02	2.32555e-03	2.89246e+02
381	3.81000e+01	2.77875e-02	2.09059e-03	2.89495e+02
382	3.82000e+01	2.75352e-02	1.85587e-03	2.89722e+02
383	3.83000e+01	2.72811e-02	1.62339e-03	2.89931e+02
384	3.84000e+01	2.70255e-02	1.39446e-03	2.90126e+02
385	3.85000e+01	2.67669e-02	1.16972e-03	2.90314e+02
386	3.86000e+01	2.65033e-02	9.49559e-04	2.90499e+02
387	3.87000e+01	2.62316e-02	7.34587e-04	2.90682e+02
388	3.88000e+01	2.59491e-02	5.25980e-04	2.90860e+02
389	3.89000e+01	2.56540e-02	3.25574e-04	2.91026e+02
390	3.90000e+01	2.53461e-02	1.35650e-04	2.91173e+02
391	3.91000e+01	2.50271e-02	-4.14647e-05	2.91294e+02
392	3.92000e+01	2.47012e-02	-2.03802e-04	2.91386e+02
393	3.93000e+01	2.43745e-02	-3.49999e-04	2.91448e+02
394	3.94000e+01	2.40540e-02	-4.79305e-04	2.91483e+02
395	3.95000e+01	2.37470e-02	-5.91319e-04	2.91496e+02
396	3.96000e+01	2.34596e-02	-6.85644e-04	2.91491e+02
397	3.97000e+01	2.31956e-02	-7.61611e-04	2.91471e+02
398	3.98000e+01	2.29565e-02	-8.18231e-04	2.91436e+02
399	3.99000e+01	2.27407e-02	-8.54362e-04	2.91387e+02
400	4.00000e+01	2.25448e-02	-8.69048e-04	2.91322e+02
401	4.01000e+01	2.23641e-02	-8.61858e-04	2.91239e+02
402	4.02000e+01	2.21945e-02	-8.33061e-04	2.91137e+02
403	4.03000e+01	2.20333e-02	-7.83559e-04	2.91016e+02
404	4.04000e+01	2.18806e-02	-7.14602e-04	2.90873e+02
405	4.05000e+01	2.17392e-02	-6.27417e-04	2.90707e+02
406	4.06000e+01	2.16141e-02	-5.22901e-04	2.90519e+02
407	4.07000e+01	2.15117e-02	-4.01505e-04	2.90307e+02
408	4.08000e+01	2.14378e-02	-2.63385e-04	2.90072e+02
409	4.09000e+01	2.13968e-02	-1.08744e-04	2.89815e+02
410	4.10000e+01	2.13903e-02	6.17798e-05	2.89539e+02
411	4.11000e+01	2.14173e-02	2.46852e-04	2.89245e+02
412	4.12000e+01	2.14744e-02	4.44419e-04	2.88937e+02
413	4.13000e+01	2.15575e-02	6.51953e-04	2.88614e+02
414	4.14000e+01	2.16625e-02	8.66866e-04	2.88277e+02
415	4.15000e+01	2.17870e-02	1.08693e-03	2.87926e+02
416	4.16000e+01	2.19297e-02	1.31057e-03	2.87560e+02
417	4.17000e+01	2.20910e-02	1.53683e-03	2.87180e+02
418	4.18000e+01	2.22713e-02	1.76520e-03	2.86788e+02
419	4.19000e+01	2.24705e-02	1.99524e-03	2.86389e+02
420	4.20000e+01	2.26871e-02	2.22619e-03	2.85987e+02
421	4.21000e+01	2.29182e-02	2.45678e-03	2.85592e+02
422	4.22000e+01	2.31600e-02	2.68526e-03	2.85210e+02
423	4.23000e+01	2.34093e-02	2.90961e-03	2.84849e+02
424	4.24000e+01	2.36647e-02	3.12788e-03	2.84513e+02
425	4.25000e+01	2.39268e-02	3.33849e-03	2.84205e+02
426	4.26000e+01	2.41985e-02	3.54043e-03	2.83924e+02
427	4.27000e+01	2.44836e-02	3.73328e-03	2.83670e+02
428	4.28000e+01	2.47853e-02	3.91709e-03	2.83440e+02
429	4.29000e+01	2.51047e-02	4.09218e-03	2.83233e+02
430	4.30000e+01	2.54394e-02	4.25885e-03	2.83052e+02
431	4.31000e+01	2.57835e-02	4.41720e-03	2.82902e+02
432	4.32000e+01	2.61288e-02	4.56694e-03	2.82787e+02
433	4.33000e+01	2.64666e-02	4.70736e-03	2.82713e+02
434	4.34000e+01	2.67896e-02	4.83743e-03	2.82682e+02
435	4.35000e+01	2.70935e-02	4.95595e-03	2.82692e+02
436	4.36000e+01	2.73776e-02	5.06182e-03	2.82736e+02
437	4.37000e+01	2.76448e-02	5.15431e-03	2.82806e+02
438	4.38000e+01	2.78995e-02	5.23326e-03	2.82891e+02
439	4.39000e+01	2.81465e-02	5.29907e-03	2.82987e+02
440	4.40000e+01	2.83891e-02	5.35255e-03	2.83090e+02
441	4.41000e+01	2.86279e-02	5.39453e-03	2.83205e+02
442	4.42000e+01	2.88613e-02	5.42555e-03	2.83335e+02
443	4.43000e+01	2.90851e-02	5.44550e-03	2.83488e+02
444	4.44000e+01	2.92946e-02	5.45355e-03	2.83667e+02
445	4.45000e+01	2.94852e-02	5.44838e-03	2.83871e+02
446	4.46000e+01	2.96531e-02	5.42855e-03	2.84096e+02
447	4.47000e+01	2.97958e-02	5.39298e-03	2.84334e+02
448	4.48000e+01	2.99120e-02	5.34131e-03	2.84578e+02
449	4.49000e+01	3.00011e-02	5.27405e-03	2.84822e+02
450	4.50000e+01	3.00628e-02	5.19232e-03	2.85065e+02
451	4.51000e+01	3.00974e-02	5.09749e-03	2.85306e+02
452	4.52000e+01	3.01056e-02	4.99065e-03	2.85551e+02
453	4.53000e+01	3.00886e-02	4.87224e-03	2.85804e+02
454	4.54000e+01	3.00487e-02	4.74199e-03	2.86069e+02
455	4.55000e+01	2.99888e-02	4.59914e-03	2.86346e+02
456	4.56000e+01	2.99119e-02	4.44286e-03	2.86633e+02
457	4.57000e+01	2.98205e-02	4.27274e-03	2.86925e+02
458	4.58000e+01	2.97157e-02	4.08915e-03	2.87218e+02
459	4.59000e+01	2.95973e-02	3.89324e-03	2.87506e+02
460	4.60000e+01	2.94635e-02	3.68675e-03	2.87789e+02
461	4.61000e+01	2.93120e-02	3.47158e-03	2.88066e+02
462	4.62000e+01	2.91406e-02	3.24935e-03	2.88341e+02
463	4.63000e+01	2.89478e-02	3.02113e-03	2.88614e+02
464	4.64000e+01	2.87338e-02	2.78749e-03	2.88888e+02
465	4.65000e+01	2.85001e-02	2.54873e-03	2.89161e+02
466	4.66000e+01	2.82490e-02	2.30529e-03	2.89431e+02
467	4.67000e+01	2.79830e-02	2.05809e-03	2.89694e+02
468	4.68000e+01	2.77042e-02	1.80868e-03	2.89946e+02
469	4.69000e+01	2.74142e-02	1.55915e-03	2.90184e+02
470	4.70000e+01	2.71142e-02	1.31184e-03	2.90407e+02
471	4.71000e+01	2.68054e-02	1.06898e-03	2.90615e+02
472	4.72000e+01	2.64899e-02	8.32428e-04	2.90807e+02
473	4.73000e+01	2.61707e-02	6.03543e-04	2.90985e+02
474	4.74000e+01	2.58512e-02	3.83389e-04	2.91146e+02
475	4.75000e+01	2.55350e-02	1.72973e-04	2.91291e+02
476	4.76000e+01	2.52243e-02	-2.64689e-05	2.91415e+02
477	4.77000e+01	2.49198e-02	-2.13330e-04	2.91519e+02
478	4.78000e+01	2.46200e-02	-3.85672e-04	2.91602e+02
479	4.79000e+01	2.43219e-02	-5.41460e-04	2.91665e+02
480	4.80000e+01	2.40224e-02	-6.78882e-04	2.91710e+02
481	4.81000e+01	2.37198e-02	-7.96603e-04	2.91738e+02
482	4.82000e+01	2.34149e-02	-8.93859e-04	2.91749e+02
483	4.83000e+01	2.31121e-02	-9.70367e-04	2.91741e+02
484	4.84000e+01	2.28184e-02	-1.02608e-03	2.91710e+02
485	4.85000e+01	2.25422e-02	-1.06090e-03	2.91652e+02
486	4.86000e+01	2.22915e-02	-1.07448e-03	2.91565e+02
487	4.87000e+01	2.20719e-02	-1.06623e-03	2.91451e+02
488	4.88000e+01	2.18856e-02	-1.03546e-03	2.91311e+02
489	4.89000e+01	2.17310e-02	-9.81731e-04	2.91153e+02
490	4.90000e+01	2.16037e-02	-9.05094e-04	2.90983e+02
491	4.91000e+01	2.14987e-02	-8.06327e-04	2.90803e+02
492	4.92000e+01	2.14117e-02	-6.86897e-04	2.90615e+02
493	4.93000e+01	2.13406e-02	-5.48734e-04	2.90414e+02
494	4.94000e+01	2.12860e-02	-3.93884e-04	2.90195e+02
495	4.95000e+01	2.12507e-02	-2.24151e-04	2.89949e+02
496	4.96000e+01	2.12385e-02	-4.08711e-05	2.89671e+02
497	4.97000e+01	2.12525e-02	1.55096e-04	2.89359e+02
498	4.98000e+01	2.12946e-02	3.63152e-04	2.89018e+02
499	4.99000e+01	2.13647e-02	5.82601e-04	2.88653e+02
500	5.00000e+01	2.14611e-02	8.12291e-04	2.88275e+02
