  0.00e+00	  0.00e+00	0.00000e+00
  0.00e+00	  5.00e-03	2.95377e-01
  0.00e+00	  1.00e-02	3.48379e-01
  0.00e+00	  1.50e-02	3.25573e-01
  0.00e+00	  2.00e-02	2.80703e-01
  0.00e+00	  2.50e-02	2.33446e-01
  0.00e+00	  3.00e-02	1.90580e-01
  0.00e+00	  3.50e-02	1.53653e-01
  0.00e+00	  4.00e-02	1.22167e-01
  0.00e+00	  4.50e-02	9.49570e-02
  0.00e+00	  5.00e-02	7.07543e-02
  0.00e+00	  5.50e-02	4.83733e-02
  0.00e+00	  6.00e-02	2.67367e-02
  0.00e+00	  6.50e-02	4.83170e-03
  0.00e+00	  7.00e-02	-1.83586e-02
  0.00e+00	  7.50e-02	-4.39285e-02
  0.00e+00	  8.00e-02	-7.31091e-02
  0.00e+00	  8.50e-02	-1.07270e-01
  0.00e+00	  9.00e-02	-1.47762e-01
  0.00e+00	  9.50e-02	-1.95365e-01
  0.00e+00	  1.00e-01	-2.48853e-01
  0.00e+00	  1.05e-01	-3.01614e-01
  0.00e+00	  1.10e-01	-3.33603e-01
  0.00e+00	  1.15e-01	-2.89647e-01

  0.00e+00	  0.00e+00	0.00000e+00
  0.00e+00	  5.00e-03	-7.86265e-02
  0.00e+00	  1.00e-02	-5.48192e-02
  0.00e+00	  1.50e-02	-2.29951e-02
  0.00e+00	  2.00e-02	6.27452e-04
  0.00e+00	  2.50e-02	1.53097e-02
  0.00e+00	  3.00e-02	2.32053e-02
  0.00e+00	  3.50e-02	2.65240e-02
  0.00e+00	  4.00e-02	2.69340e-02
  0.00e+00	  4.50e-02	2.55528e-02
  0.00e+00	  5.00e-02	2.30848e-02
  0.00e+00	  5.50e-02	1.99662e-02
  0.00e+00	  6.00e-02	1.64804e-02
  0.00e+00	  6.50e-02	1.28411e-02
  0.00e+00	  7.00e-02	9.25557e-03
  0.00e+00	  7.50e-02	5.98351e-03
  0.00e+00	  8.00e-02	3.40767e-03
  0.00e+00	  8.50e-02	2.13175e-03
  0.00e+00	  9.00e-02	3.11634e-03
  0.00e+00	  9.50e-02	7.83419e-03
  0.00e+00	  1.00e-01	1.83306e-02
  0.00e+00	  1.05e-01	3.67616e-02
  0.00e+00	  1.10e-01	6.27663e-02
  0.00e+00	  1.15e-01	8.08120e+00

  2.00e-02	  0.00e+00	-1.48895e+00
  2.00e-02	  5.00e-03	-4.97949e-01
  2.00e-02	  1.00e-02	-1.41344e-01
  2.00e-02	  1.50e-02	-5.91636e-03
  2.00e-02	  2.00e-02	4.21907e-02
  2.00e-02	  2.50e-02	5.47402e-02
  2.00e-02	  3.00e-02	5.34753e-02
  2.00e-02	  3.50e-02	4.75263e-02
  2.00e-02	  4.00e-02	4.04620e-02
  2.00e-02	  4.50e-02	3.34331e-02
  2.00e-02	  5.00e-02	2.65867e-02
  2.00e-02	  5.50e-02	1.96711e-02
  2.00e-02	  6.00e-02	1.22716e-02
  2.00e-02	  6.50e-02	3.89355e-03
  2.00e-02	  7.00e-02	-5.97001e-03
  2.00e-02	  7.50e-02	-1.76326e-02
  2.00e-02	  8.00e-02	-3.05769e-02
  2.00e-02	  8.50e-02	-4.17819e-02
  2.00e-02	  9.00e-02	-4.18006e-02
  2.00e-02	  9.50e-02	-5.97776e-03
  2.00e-02	  1.00e-01	1.26250e-01
  2.00e-02	  1.05e-01	5.07963e-01
  2.00e-02	  1.10e-01	1.57091e+00
  2.00e-02	  1.15e-01	5.00592e+00

  4.00e-02	  0.00e+00	-1.83257e+00
  4.00e-02	  5.00e-03	-9.43607e-01
  4.00e-02	  1.00e-02	-4.07827e-01
  4.00e-02	  1.50e-02	-1.33784e-01
  4.00e-02	  2.00e-02	-5.65829e-03
  4.00e-02	  2.50e-02	4.72761e-02
  4.00e-02	  3.00e-02	6.34830e-02
  4.00e-02	  3.50e-02	6.29618e-02
  4.00e-02	  4.00e-02	5.55806e-02
  4.00e-02	  4.50e-02	4.58006e-02
  4.00e-02	  5.00e-02	3.53135e-02
  4.00e-02	  5.50e-02	2.44655e-02
  4.00e-02	  6.00e-02	1.29960e-02
  4.00e-02	  6.50e-02	4.55072e-04
  4.00e-02	  7.00e-02	-1.33977e-02
  4.00e-02	  7.50e-02	-2.78390e-02
  4.00e-02	  8.00e-02	-3.95063e-02
  4.00e-02	  8.50e-02	-3.89280e-02
  4.00e-02	  9.00e-02	-4.04489e-03
  4.00e-02	  9.50e-02	1.10815e-01
  4.00e-02	  1.00e-01	3.91416e-01
  4.00e-02	  1.05e-01	9.74848e-01
  4.00e-02	  1.10e-01	1.96377e+00
  4.00e-02	  1.15e-01	3.03921e+00

  6.00e-02	  0.00e+00	-1.62345e+00
  6.00e-02	  5.00e-03	-1.12748e+00
  6.00e-02	  1.00e-02	-6.36444e-01
  6.00e-02	  1.50e-02	-3.00018e-01
  6.00e-02	  2.00e-02	-1.04219e-01
  6.00e-02	  2.50e-02	-2.02243e-03
  6.00e-02	  3.00e-02	4.48782e-02
  6.00e-02	  3.50e-02	6.14198e-02
  6.00e-02	  4.00e-02	6.23504e-02
  6.00e-02	  4.50e-02	5.57545e-02
  6.00e-02	  5.00e-02	4.56638e-02
  6.00e-02	  5.50e-02	3.37934e-02
  6.00e-02	  6.00e-02	2.06541e-02
  6.00e-02	  6.50e-02	6.32325e-03
  6.00e-02	  7.00e-02	-8.75346e-03
  6.00e-02	  7.50e-02	-2.24343e-02
  6.00e-02	  8.00e-02	-2.83209e-02
  6.00e-02	  8.50e-02	-1.11748e-02
  6.00e-02	  9.00e-02	6.00093e-02
  6.00e-02	  9.50e-02	2.39350e-01
  6.00e-02	  1.00e-01	6.01644e-01
  6.00e-02	  1.05e-01	1.19435e+00
  6.00e-02	  1.10e-01	1.88421e+00
  6.00e-02	  1.15e-01	2.41056e+00

  8.00e-02	  0.00e+00	-1.34663e+00
  8.00e-02	  5.00e-03	-1.12465e+00
  8.00e-02	  1.00e-02	-7.74872e-01
  8.00e-02	  1.50e-02	-4.54121e-01
  8.00e-02	  2.00e-02	-2.24273e-01
  8.00e-02	  2.50e-02	-8.02619e-02
  8.00e-02	  3.00e-02	1.43753e-03
  8.00e-02	  3.50e-02	4.28367e-02
  8.00e-02	  4.00e-02	5.98825e-02
  8.00e-02	  4.50e-02	6.29189e-02
  8.00e-02	  5.00e-02	5.80411e-02
  8.00e-02	  5.50e-02	4.85076e-02
  8.00e-02	  6.00e-02	3.59481e-02
  8.00e-02	  6.50e-02	2.12040e-02
  8.00e-02	  7.00e-02	5.54334e-03
  8.00e-02	  7.50e-02	-7.60934e-03
  8.00e-02	  8.00e-02	-9.45153e-03
  8.00e-02	  8.50e-02	1.94426e-02
  8.00e-02	  9.00e-02	1.15453e-01
  8.00e-02	  9.50e-02	3.33252e-01
  8.00e-02	  1.00e-01	7.25039e-01
  8.00e-02	  1.05e-01	1.27268e+00
  8.00e-02	  1.10e-01	1.81797e+00
  8.00e-02	  1.15e-01	2.31762e+00

  1.00e-01	  0.00e+00	-1.08656e+00
  1.00e-01	  5.00e-03	-1.02676e+00
  1.00e-01	  1.00e-02	-8.27666e-01
  1.00e-01	  1.50e-02	-5.75634e-01
  1.00e-01	  2.00e-02	-3.50675e-01
  1.00e-01	  2.50e-02	-1.82149e-01
  1.00e-01	  3.00e-02	-6.80621e-02
  1.00e-01	  3.50e-02	3.67468e-03
  1.00e-01	  4.00e-02	4.49884e-02
  1.00e-01	  4.50e-02	6.61505e-02
  1.00e-01	  5.00e-02	7.38484e-02
  1.00e-01	  5.50e-02	7.19768e-02
  1.00e-01	  6.00e-02	6.29475e-02
  1.00e-01	  6.50e-02	4.86495e-02
  1.00e-01	  7.00e-02	3.12741e-02
  1.00e-01	  7.50e-02	1.53057e-02
  1.00e-01	  8.00e-02	1.12176e-02
  1.00e-01	  8.50e-02	4.13462e-02
  1.00e-01	  9.00e-02	1.45497e-01
  1.00e-01	  9.50e-02	3.78166e-01
  1.00e-01	  1.00e-01	7.77868e-01
  1.00e-01	  1.05e-01	1.30915e+00
  1.00e-01	  1.10e-01	1.86152e+00
  1.00e-01	  1.15e-01	2.48227e+00

  1.20e-01	  0.00e+00	-8.20112e-01
  1.20e-01	  5.00e-03	-8.70908e-01
  1.20e-01	  1.00e-02	-8.06225e-01
  1.20e-01	  1.50e-02	-6.53649e-01
  1.20e-01	  2.00e-02	-4.73399e-01
  1.20e-01	  2.50e-02	-3.07453e-01
  1.20e-01	  3.00e-02	-1.71421e-01
  1.20e-01	  3.50e-02	-6.62808e-02
  1.20e-01	  4.00e-02	1.25699e-02
  1.20e-01	  4.50e-02	6.99837e-02
  1.20e-01	  5.00e-02	1.09129e-01
  1.20e-01	  5.50e-02	1.24200e-01
  1.20e-01	  6.00e-02	1.20572e-01
  1.20e-01	  6.50e-02	1.02801e-01
  1.20e-01	  7.00e-02	7.63419e-02
  1.20e-01	  7.50e-02	4.77789e-02
  1.20e-01	  8.00e-02	2.95094e-02
  1.20e-01	  8.50e-02	4.52814e-02
  1.20e-01	  9.00e-02	1.38045e-01
  1.20e-01	  9.50e-02	3.65632e-01
  1.20e-01	  1.00e-01	7.70568e-01
  1.20e-01	  1.05e-01	1.33745e+00
  1.20e-01	  1.10e-01	2.01087e+00
  1.20e-01	  1.15e-01	2.87053e+00

  1.40e-01	  0.00e+00	-5.20718e-01
  1.40e-01	  5.00e-03	-6.64597e-01
  1.40e-01	  1.00e-02	-7.32606e-01
  1.40e-01	  1.50e-02	-7.09792e-01
  1.40e-01	  2.00e-02	-6.19910e-01
  1.40e-01	  2.50e-02	-4.98960e-01
  1.40e-01	  3.00e-02	-3.72559e-01
  1.40e-01	  3.50e-02	-2.15259e-01
  1.40e-01	  4.00e-02	-5.80015e-02
  1.40e-01	  4.50e-02	1.20208e-01
  1.40e-01	  5.00e-02	3.45803e-01
  1.40e-01	  5.50e-02	3.74156e-01
  1.40e-01	  6.00e-02	3.15351e-01
  1.40e-01	  6.50e-02	2.27247e-01
  1.40e-01	  7.00e-02	1.38569e-01
  1.40e-01	  7.50e-02	6.25906e-02
  1.40e-01	  8.00e-02	5.30809e-03
  1.40e-01	  8.50e-02	-6.21577e-03
  1.40e-01	  9.00e-02	6.18940e-02
  1.40e-01	  9.50e-02	2.74064e-01
  1.40e-01	  1.00e-01	6.91087e-01
  1.40e-01	  1.05e-01	1.34427e+00
  1.40e-01	  1.10e-01	2.24524e+00
  1.40e-01	  1.15e-01	3.51225e+00

  1.60e-01	  0.00e+00	-1.86239e-01
  1.60e-01	  5.00e-03	-3.55767e-01
  1.60e-01	  1.00e-02	-4.47336e-01
  1.60e-01	  1.50e-02	-4.57115e-01
  1.60e-01	  2.00e-02	-4.39679e-01
  1.60e-01	  2.50e-02	-4.74376e-01
  1.60e-01	  3.00e-02	-5.26640e-01
  1.60e-01	  3.50e-02	-6.48457e-01
  1.60e-01	  4.00e-02	-8.82566e-01
  1.60e-01	  4.50e-02	-1.24069e+00
  1.60e-01	  5.00e-02	-1.52598e+00
  1.60e-01	  5.50e-02	-1.38800e+00
  1.60e-01	  6.00e-02	-1.14109e+00
  1.60e-01	  6.50e-02	-8.94598e-01
  1.60e-01	  7.00e-02	-6.83543e-01
  1.60e-01	  7.50e-02	-5.18216e-01
  1.60e-01	  8.00e-02	-3.97246e-01
  1.60e-01	  8.50e-02	-2.97114e-01
  1.60e-01	  9.00e-02	-1.65765e-01
  1.60e-01	  9.50e-02	8.17703e-02
  1.60e-01	  1.00e-01	5.44531e-01
  1.60e-01	  1.05e-01	1.32456e+00
  1.60e-01	  1.10e-01	2.53105e+00
  1.60e-01	  1.15e-01	4.37826e+00

  1.80e-01	  0.00e+00	4.45754e-36
  1.80e-01	  5.00e-03	2.32284e-02
  1.80e-01	  1.00e-02	5.92957e-02
  1.80e-01	  1.50e-02	7.94868e-02
  1.80e-01	  2.00e-02	7.87261e-02
  1.80e-01	  2.50e-02	6.39031e-02
  1.80e-01	  3.00e-02	3.92316e-02
  1.80e-01	  3.50e-02	1.42242e-02
  1.80e-01	  4.00e-02	-2.93736e-02
  1.80e-01	  4.50e-02	-4.53271e+00
  1.80e-01	  5.00e-02	-2.67985e+00
  1.80e-01	  5.50e-02	-1.68307e+00
  1.80e-01	  6.00e-02	-1.06127e+00
  1.80e-01	  6.50e-02	-6.51261e-01
  1.80e-01	  7.00e-02	-3.89652e-01
  1.80e-01	  7.50e-02	-2.37502e-01
  1.80e-01	  8.00e-02	-1.57050e-01
  1.80e-01	  8.50e-02	-1.25246e-01
  1.80e-01	  9.00e-02	-5.44995e-02
  1.80e-01	  9.50e-02	1.47937e-01
  1.80e-01	  1.00e-01	6.05308e-01
  1.80e-01	  1.05e-01	1.45917e+00
  1.80e-01	  1.10e-01	2.87903e+00
  1.80e-01	  1.15e-01	5.17073e+00

  2.00e-01	  0.00e+00	4.53601e-01
  2.00e-01	  5.00e-03	4.25038e-01
  2.00e-01	  1.00e-02	1.96132e-01
  2.00e-01	  1.50e-02	-4.67799e-02
  2.00e-01	  2.00e-02	-2.45349e-01
  2.00e-01	  2.50e-02	-3.55437e-01
  2.00e-01	  3.00e-02	-4.52423e-01
  2.00e-01	  3.50e-02	-6.31256e-01
  2.00e-01	  4.00e-02	-1.28339e+00
  2.00e-01	  4.50e-02	-3.03057e+00
  2.00e-01	  5.00e-02	-3.37816e+00
  2.00e-01	  5.50e-02	-2.39494e+00
  2.00e-01	  6.00e-02	-1.40865e+00
  2.00e-01	  6.50e-02	-7.47400e-01
  2.00e-01	  7.00e-02	-3.62628e-01
  2.00e-01	  7.50e-02	-1.61070e-01
  2.00e-01	  8.00e-02	-6.87555e-02
  2.00e-01	  8.50e-02	-2.89766e-02
  2.00e-01	  9.00e-02	5.39841e-02
  2.00e-01	  9.50e-02	2.87197e-01
  2.00e-01	  1.00e-01	7.95781e-01
  2.00e-01	  1.05e-01	1.70582e+00
  2.00e-01	  1.10e-01	3.09770e+00
  2.00e-01	  1.15e-01	5.02572e+00

  2.20e-01	  0.00e+00	1.11088e+00
  2.20e-01	  5.00e-03	5.33153e-01
  2.20e-01	  1.00e-02	-7.63987e-02
  2.20e-01	  1.50e-02	-5.01230e-01
  2.20e-01	  2.00e-02	-8.80914e-01
  2.20e-01	  2.50e-02	-1.06364e+00
  2.20e-01	  3.00e-02	-1.53854e+00
  2.20e-01	  3.50e-02	-2.00645e+00
  2.20e-01	  4.00e-02	-2.23443e+00
  2.20e-01	  4.50e-02	-2.49117e+00
  2.20e-01	  5.00e-02	-2.50183e+00
  2.20e-01	  5.50e-02	-1.82573e+00
  2.20e-01	  6.00e-02	-1.05239e+00
  2.20e-01	  6.50e-02	-5.48287e-01
  2.20e-01	  7.00e-02	-2.50491e-01
  2.20e-01	  7.50e-02	-9.03718e-02
  2.20e-01	  8.00e-02	-8.02361e-03
  2.20e-01	  8.50e-02	5.94731e-02
  2.20e-01	  9.00e-02	2.04431e-01
  2.20e-01	  9.50e-02	5.19880e-01
  2.20e-01	  1.00e-01	1.09171e+00
  2.20e-01	  1.05e-01	1.96258e+00
  2.20e-01	  1.10e-01	3.00595e+00
  2.20e-01	  1.15e-01	3.92796e+00

  2.40e-01	  0.00e+00	1.52885e+00
  2.40e-01	  5.00e-03	2.19640e-01
  2.40e-01	  1.00e-02	-6.65446e-01
  2.40e-01	  1.50e-02	-1.10426e+00
  2.40e-01	  2.00e-02	-1.88318e+00
  2.40e-01	  2.50e-02	-2.37021e+00
  2.40e-01	  3.00e-02	-1.83260e+00
  2.40e-01	  3.50e-02	-1.64136e+00
  2.40e-01	  4.00e-02	-1.61197e+00
  2.40e-01	  4.50e-02	-1.65112e+00
  2.40e-01	  5.00e-02	-1.51808e+00
  2.40e-01	  5.50e-02	-1.11394e+00
  2.40e-01	  6.00e-02	-6.60186e-01
  2.40e-01	  6.50e-02	-3.38755e-01
  2.40e-01	  7.00e-02	-1.35832e-01
  2.40e-01	  7.50e-02	-9.77577e-03
  2.40e-01	  8.00e-02	8.72196e-02
  2.40e-01	  8.50e-02	2.12346e-01
  2.40e-01	  9.00e-02	4.43817e-01
  2.40e-01	  9.50e-02	8.64988e-01
  2.40e-01	  1.00e-01	1.41242e+00
  2.40e-01	  1.05e-01	2.07485e+00
  2.40e-01	  1.10e-01	2.50808e+00
  2.40e-01	  1.15e-01	2.37143e+00

  2.60e-01	  0.00e+00	1.25532e+00
  2.60e-01	  5.00e-03	-5.11901e-01
  2.60e-01	  1.00e-02	-1.75158e+00
  2.60e-01	  1.50e-02	-2.37304e+00
  2.60e-01	  2.00e-02	-1.36406e+00
  2.60e-01	  2.50e-02	-1.20592e+00
  2.60e-01	  3.00e-02	-1.27385e+00
  2.60e-01	  3.50e-02	-1.22837e+00
  2.60e-01	  4.00e-02	-1.16793e+00
  2.60e-01	  4.50e-02	-1.08076e+00
  2.60e-01	  5.00e-02	-9.12394e-01
  2.60e-01	  5.50e-02	-6.57591e-01
  2.60e-01	  6.00e-02	-3.99436e-01
  2.60e-01	  6.50e-02	-1.99456e-01
  2.60e-01	  7.00e-02	-4.37441e-02
  2.60e-01	  7.50e-02	9.80325e-02
  2.60e-01	  8.00e-02	2.53965e-01
  2.60e-01	  8.50e-02	4.62861e-01
  2.60e-01	  9.00e-02	7.76544e-01
  2.60e-01	  9.50e-02	1.26090e+00
  2.60e-01	  1.00e-01	1.64360e+00
  2.60e-01	  1.05e-01	1.89680e+00
  2.60e-01	  1.10e-01	1.66943e+00
  2.60e-01	  1.15e-01	8.84481e-01

  2.80e-01	  0.00e+00	3.80707e-02
  2.80e-01	  5.00e-03	-1.85375e+00
  2.80e-01	  1.00e-02	-1.46284e+00
  2.80e-01	  1.50e-02	-9.35710e-01
  2.80e-01	  2.00e-02	-9.82726e-01
  2.80e-01	  2.50e-02	-9.14932e-01
  2.80e-01	  3.00e-02	-8.60979e-01
  2.80e-01	  3.50e-02	-7.88856e-01
  2.80e-01	  4.00e-02	-7.11324e-01
  2.80e-01	  4.50e-02	-6.27704e-01
  2.80e-01	  5.00e-02	-5.34590e-01
  2.80e-01	  5.50e-02	-4.43066e-01
  2.80e-01	  6.00e-02	-3.73489e-01
  2.80e-01	  6.50e-02	-3.12777e-01
  2.80e-01	  7.00e-02	-1.84614e-01
  2.80e-01	  7.50e-02	1.62800e-01
  2.80e-01	  8.00e-02	4.93171e-01
  2.80e-01	  8.50e-02	8.50963e-01
  2.80e-01	  9.00e-02	1.27254e+00
  2.80e-01	  9.50e-02	1.73524e+00
  2.80e-01	  1.00e-01	1.74576e+00
  2.80e-01	  1.05e-01	1.52732e+00
  2.80e-01	  1.10e-01	7.80532e-01
  2.80e-01	  1.15e-01	-1.38509e-01

  3.00e-01	  0.00e+00	-1.45110e+00
  3.00e-01	  5.00e-03	-1.13419e+00
  3.00e-01	  1.00e-02	-8.84196e-01
  3.00e-01	  1.50e-02	-6.90351e-01
  3.00e-01	  2.00e-02	-5.45512e-01
  3.00e-01	  2.50e-02	-3.64325e-01
  3.00e-01	  3.00e-02	-1.57881e-01
  3.00e-01	  3.50e-02	8.11969e-02
  3.00e-01	  4.00e-02	3.52893e-01
  3.00e-01	  4.50e-02	6.57569e-01
  3.00e-01	  5.00e-02	9.89858e-01
  3.00e-01	  5.50e-02	1.33314e+00
  3.00e-01	  6.00e-02	1.65220e+00
  3.00e-01	  6.50e-02	1.87031e+00
  3.00e-01	  7.00e-02	1.80116e+00
  3.00e-01	  7.50e-02	1.38002e+00
  3.00e-01	  8.00e-02	1.11897e+00
  3.00e-01	  8.50e-02	1.04550e+00
  3.00e-01	  9.00e-02	1.10773e+00
  3.00e-01	  9.50e-02	1.04937e+00
  3.00e-01	  1.00e-01	8.55802e-01
  3.00e-01	  1.05e-01	3.99416e-01
  3.00e-01	  1.10e-01	-1.68870e-01
  3.00e-01	  1.15e-01	-8.34254e-01

  3.20e-01	  0.00e+00	-2.30324e+00
  3.20e-01	  5.00e-03	-1.14264e+00
  3.20e-01	  1.00e-02	-8.09746e-01
  3.20e-01	  1.50e-02	-5.91637e-01
  3.20e-01	  2.00e-02	-4.58965e-01
  3.20e-01	  2.50e-02	-2.82580e-01
  3.20e-01	  3.00e-02	-6.74243e-02
  3.20e-01	  3.50e-02	1.94891e-01
  3.20e-01	  4.00e-02	5.15119e-01
  3.20e-01	  4.50e-02	9.13172e-01
  3.20e-01	  5.00e-02	1.42808e+00
  3.20e-01	  5.50e-02	2.14325e+00
  3.20e-01	  6.00e-02	3.24770e+00
  3.20e-01	  6.50e-02	5.13593e+00
  3.20e-01	  7.00e-02	6.88415e-02
  3.20e-01	  7.50e-02	1.90953e-03
  3.20e-01	  8.00e-02	-3.37168e-02
  3.20e-01	  8.50e-02	-5.78859e-02
  3.20e-01	  9.00e-02	-8.46936e-02
  3.20e-01	  9.50e-02	-1.06773e-01
  3.20e-01	  1.00e-01	-1.20342e-01
  3.20e-01	  1.05e-01	-1.14623e-01
  3.20e-01	  1.10e-01	-8.18165e-02
  3.20e-01	  1.15e-01	-3.00486e-02

  3.40e-01	  0.00e+00	-3.02007e+00
  3.40e-01	  5.00e-03	-1.38955e+00
  3.40e-01	  1.00e-02	-8.18053e-01
  3.40e-01	  1.50e-02	-5.80152e-01
  3.40e-01	  2.00e-02	-4.27730e-01
  3.40e-01	  2.50e-02	-2.41095e-01
  3.40e-01	  3.00e-02	1.43923e-02
  3.40e-01	  3.50e-02	3.62923e-01
  3.40e-01	  4.00e-02	8.21782e-01
  3.40e-01	  4.50e-02	1.44874e+00
  3.40e-01	  5.00e-02	2.27828e+00
  3.40e-01	  5.50e-02	3.23789e+00
  3.40e-01	  6.00e-02	3.79995e+00
  3.40e-01	  6.50e-02	2.39058e+00
  3.40e-01	  7.00e-02	8.10453e-01
  3.40e-01	  7.50e-02	7.19164e-01
  3.40e-01	  8.00e-02	6.04648e-01
  3.40e-01	  8.50e-02	4.55877e-01
  3.40e-01	  9.00e-02	2.73195e-01
  3.40e-01	  9.50e-02	5.49597e-02
  3.40e-01	  1.00e-01	-2.69279e-01
  3.40e-01	  1.05e-01	-5.66992e-01
  3.40e-01	  1.10e-01	-5.51317e-01
  3.40e-01	  1.15e-01	-1.61526e-01

  3.60e-01	  0.00e+00	-3.36305e+00
  3.60e-01	  5.00e-03	-1.76593e+00
  3.60e-01	  1.00e-02	-9.95901e-01
  3.60e-01	  1.50e-02	-6.53221e-01
  3.60e-01	  2.00e-02	-4.65262e-01
  3.60e-01	  2.50e-02	-2.80745e-01
  3.60e-01	  3.00e-02	-4.45036e-02
  3.60e-01	  3.50e-02	2.73198e-01
  3.60e-01	  4.00e-02	6.93390e-01
  3.60e-01	  4.50e-02	1.26432e+00
  3.60e-01	  5.00e-02	2.01536e+00
  3.60e-01	  5.50e-02	2.81127e+00
  3.60e-01	  6.00e-02	3.05767e+00
  3.60e-01	  6.50e-02	2.45425e+00
  3.60e-01	  7.00e-02	1.92657e+00
  3.60e-01	  7.50e-02	1.60786e+00
  3.60e-01	  8.00e-02	1.47650e+00
  3.60e-01	  8.50e-02	1.52519e+00
  3.60e-01	  9.00e-02	1.17742e+00
  3.60e-01	  9.50e-02	7.52188e-01
  3.60e-01	  1.00e-01	1.57371e-01
  3.60e-01	  1.05e-01	-6.06611e-01
  3.60e-01	  1.10e-01	-1.29030e+00
  3.60e-01	  1.15e-01	-1.22202e+00

  3.80e-01	  0.00e+00	-3.13369e+00
  3.80e-01	  5.00e-03	-2.08851e+00
  3.80e-01	  1.00e-02	-1.31031e+00
  3.80e-01	  1.50e-02	-8.84019e-01
  3.80e-01	  2.00e-02	-5.90509e-01
  3.80e-01	  2.50e-02	-3.88224e-01
  3.80e-01	  3.00e-02	-1.78160e-01
  3.80e-01	  3.50e-02	8.07337e-02
  3.80e-01	  4.00e-02	4.07560e-01
  3.80e-01	  4.50e-02	8.22127e-01
  3.80e-01	  5.00e-02	1.31823e+00
  3.80e-01	  5.50e-02	1.78711e+00
  3.80e-01	  6.00e-02	1.98503e+00
  3.80e-01	  6.50e-02	1.89251e+00
  3.80e-01	  7.00e-02	1.88629e+00
  3.80e-01	  7.50e-02	2.05719e+00
  3.80e-01	  8.00e-02	2.55864e+00
  3.80e-01	  8.50e-02	2.04895e+00
  3.80e-01	  9.00e-02	1.37936e+00
  3.80e-01	  9.50e-02	1.54993e+00
  3.80e-01	  1.00e-01	1.06318e+00
  3.80e-01	  1.05e-01	-5.19180e-02
  3.80e-01	  1.10e-01	-1.73518e+00
  3.80e-01	  1.15e-01	-3.30876e+00

  4.00e-01	  0.00e+00	-2.27622e+00
  4.00e-01	  5.00e-03	-2.10963e+00
  4.00e-01	  1.00e-02	-1.68042e+00
  4.00e-01	  1.50e-02	-1.19919e+00
  4.00e-01	  2.00e-02	-8.48966e-01
  4.00e-01	  2.50e-02	-6.03974e-01
  4.00e-01	  3.00e-02	-3.91380e-01
  4.00e-01	  3.50e-02	-1.61896e-01
  4.00e-01	  4.00e-02	1.06204e-01
  4.00e-01	  4.50e-02	4.22357e-01
  4.00e-01	  5.00e-02	7.75374e-01
  4.00e-01	  5.50e-02	1.10606e+00
  4.00e-01	  6.00e-02	1.32723e+00
  4.00e-01	  6.50e-02	1.42580e+00
  4.00e-01	  7.00e-02	1.48168e+00
  4.00e-01	  7.50e-02	1.51773e+00
  4.00e-01	  8.00e-02	1.45108e+00
  4.00e-01	  8.50e-02	1.42600e+00
  4.00e-01	  9.00e-02	2.38484e+00
  4.00e-01	  9.50e-02	2.46363e+00
  4.00e-01	  1.00e-01	1.45585e+00
  4.00e-01	  1.05e-01	6.03357e-01
  4.00e-01	  1.10e-01	-1.47757e+00
  4.00e-01	  1.15e-01	-5.28278e+00

  4.20e-01	  0.00e+00	-1.02898e+00
  4.20e-01	  5.00e-03	-1.70735e+00
  4.20e-01	  1.00e-02	-1.89766e+00
  4.20e-01	  1.50e-02	-1.68831e+00
  4.20e-01	  2.00e-02	-1.36076e+00
  4.20e-01	  2.50e-02	-1.09187e+00
  4.20e-01	  3.00e-02	-8.23802e-01
  4.20e-01	  3.50e-02	-5.42804e-01
  4.20e-01	  4.00e-02	-2.28568e-01
  4.20e-01	  4.50e-02	1.42630e-01
  4.20e-01	  5.00e-02	5.97491e-01
  4.20e-01	  5.50e-02	8.55735e-01
  4.20e-01	  6.00e-02	9.99859e-01
  4.20e-01	  6.50e-02	1.07237e+00
  4.20e-01	  7.00e-02	1.11062e+00
  4.20e-01	  7.50e-02	1.13473e+00
  4.20e-01	  8.00e-02	1.14497e+00
  4.20e-01	  8.50e-02	1.16524e+00
  4.20e-01	  9.00e-02	1.15880e+00
  4.20e-01	  9.50e-02	1.20843e+00
  4.20e-01	  1.00e-01	2.01527e+00
  4.20e-01	  1.05e-01	1.92998e+00
  4.20e-01	  1.10e-01	-5.98272e-01
  4.20e-01	  1.15e-01	-4.67635e+00

  4.40e-01	  0.00e+00	2.59823e-02
  4.40e-01	  5.00e-03	-7.94316e-01
  4.40e-01	  1.00e-02	-1.20477e+00
  4.40e-01	  1.50e-02	-1.12600e+00
  4.40e-01	  2.00e-02	-9.19887e-01
  4.40e-01	  2.50e-02	-6.64307e-01
  4.40e-01	  3.00e-02	-6.66204e-01
  4.40e-01	  3.50e-02	-8.41505e-01
  4.40e-01	  4.00e-02	-1.15324e+00
  4.40e-01	  4.50e-02	-1.59363e+00
  4.40e-01	  5.00e-02	-1.90491e+00
  4.40e-01	  5.50e-02	-1.68798e+00
  4.40e-01	  6.00e-02	-1.30812e+00
  4.40e-01	  6.50e-02	-9.16810e-01
  4.40e-01	  7.00e-02	-5.63134e-01
  4.40e-01	  7.50e-02	-2.56920e-01
  4.40e-01	  8.00e-02	3.35797e-03
  4.40e-01	  8.50e-02	2.25511e-01
  4.40e-01	  9.00e-02	4.11326e-01
  4.40e-01	  9.50e-02	5.77733e-01
  4.40e-01	  1.00e-01	6.73884e-01
  4.40e-01	  1.05e-01	1.15893e+00
  4.40e-01	  1.10e-01	1.25236e+00
  4.40e-01	  1.15e-01	-1.40112e-01

  4.60e-01	  0.00e+00	9.27662e-36
  4.60e-01	  5.00e-03	3.69966e-02
  4.60e-01	  1.00e-02	9.69172e-02
  4.60e-01	  1.50e-02	1.30203e-01
  4.60e-01	  2.00e-02	1.29606e-01
  4.60e-01	  2.50e-02	1.04729e-01
  4.60e-01	  3.00e-02	7.06043e-02
  4.60e-01	  3.50e-02	3.19447e-02
  4.60e-01	  4.00e-02	-6.45491e-03
  4.60e-01	  4.50e-02	-4.84687e+00
  4.60e-01	  5.00e-02	-2.95420e+00
  4.60e-01	  5.50e-02	-2.01451e+00
  4.60e-01	  6.00e-02	-1.45224e+00
  4.60e-01	  6.50e-02	-1.04515e+00
  4.60e-01	  7.00e-02	-7.09937e-01
  4.60e-01	  7.50e-02	-4.18090e-01
  4.60e-01	  8.00e-02	-1.62151e-01
  4.60e-01	  8.50e-02	5.96957e-02
  4.60e-01	  9.00e-02	2.46652e-01
  4.60e-01	  9.50e-02	3.97127e-01
  4.60e-01	  1.00e-01	5.33380e-01
  4.60e-01	  1.05e-01	9.49015e-01
  4.60e-01	  1.10e-01	2.17904e+00
  4.60e-01	  1.15e-01	5.34918e+00

  4.80e-01	  0.00e+00	6.11937e-01
  4.80e-01	  5.00e-03	6.93474e-01
  4.80e-01	  1.00e-02	3.92210e-01
  4.80e-01	  1.50e-02	3.09534e-02
  4.80e-01	  2.00e-02	-2.34210e-01
  4.80e-01	  2.50e-02	-4.05328e-01
  4.80e-01	  3.00e-02	-4.62048e-01
  4.80e-01	  3.50e-02	-4.72446e-01
  4.80e-01	  4.00e-02	-5.10763e-01
  4.80e-01	  4.50e-02	-2.30528e+00
  4.80e-01	  5.00e-02	-3.58844e+00
  4.80e-01	  5.50e-02	-3.33007e+00
  4.80e-01	  6.00e-02	-2.58461e+00
  4.80e-01	  6.50e-02	-1.82964e+00
  4.80e-01	  7.00e-02	-1.19595e+00
  4.80e-01	  7.50e-02	-6.98283e-01
  4.80e-01	  8.00e-02	-3.16663e-01
  4.80e-01	  8.50e-02	-2.30466e-02
  4.80e-01	  9.00e-02	2.22200e-01
  4.80e-01	  9.50e-02	3.76560e-01
  4.80e-01	  1.00e-01	5.71986e-01
  4.80e-01	  1.05e-01	1.19421e+00
  4.80e-01	  1.10e-01	3.10707e+00
  4.80e-01	  1.15e-01	7.63247e+00

  5.00e-01	  0.00e+00	1.59198e+00
  5.00e-01	  5.00e-03	8.76946e-01
  5.00e-01	  1.00e-02	6.06119e-02
  5.00e-01	  1.50e-02	-5.63723e-01
  5.00e-01	  2.00e-02	-8.78474e-01
  5.00e-01	  2.50e-02	-1.18800e+00
  5.00e-01	  3.00e-02	-1.37348e+00
  5.00e-01	  3.50e-02	-1.65037e+00
  5.00e-01	  4.00e-02	-2.05812e+00
  5.00e-01	  4.50e-02	-2.62702e+00
  5.00e-01	  5.00e-02	-3.32006e+00
  5.00e-01	  5.50e-02	-3.24556e+00
  5.00e-01	  6.00e-02	-2.52257e+00
  5.00e-01	  6.50e-02	-1.73642e+00
  5.00e-01	  7.00e-02	-1.09757e+00
  5.00e-01	  7.50e-02	-6.10128e-01
  5.00e-01	  8.00e-02	-2.41273e-01
  5.00e-01	  8.50e-02	4.25103e-02
  5.00e-01	  9.00e-02	2.74201e-01
  5.00e-01	  9.50e-02	4.67541e-01
  5.00e-01	  1.00e-01	8.00801e-01
  5.00e-01	  1.05e-01	1.67658e+00
  5.00e-01	  1.10e-01	3.69126e+00
  5.00e-01	  1.15e-01	7.02230e+00

  5.20e-01	  0.00e+00	2.25036e+00
  5.20e-01	  5.00e-03	4.65333e-01
  5.20e-01	  1.00e-02	-6.71867e-01
  5.20e-01	  1.50e-02	-1.40953e+00
  5.20e-01	  2.00e-02	-1.53567e+00
  5.20e-01	  2.50e-02	-2.01558e+00
  5.20e-01	  3.00e-02	-2.86030e+00
  5.20e-01	  3.50e-02	-2.45211e+00
  5.20e-01	  4.00e-02	-2.08531e+00
  5.20e-01	  4.50e-02	-2.12263e+00
  5.20e-01	  5.00e-02	-2.22459e+00
  5.20e-01	  5.50e-02	-2.12433e+00
  5.20e-01	  6.00e-02	-1.70435e+00
  5.20e-01	  6.50e-02	-1.19398e+00
  5.20e-01	  7.00e-02	-7.35050e-01
  5.20e-01	  7.50e-02	-3.58758e-01
  5.20e-01	  8.00e-02	-5.63327e-02
  5.20e-01	  8.50e-02	1.94210e-01
  5.20e-01	  9.00e-02	4.29292e-01
  5.20e-01	  9.50e-02	7.25067e-01
  5.20e-01	  1.00e-01	1.21741e+00
  5.20e-01	  1.05e-01	2.18096e+00
  5.20e-01	  1.10e-01	3.64777e+00
  5.20e-01	  1.15e-01	4.67481e+00

  5.40e-01	  0.00e+00	2.01813e+00
  5.40e-01	  5.00e-03	-3.95961e-01
  5.40e-01	  1.00e-02	-1.49374e+00
  5.40e-01	  1.50e-02	-2.50405e+00
  5.40e-01	  2.00e-02	-2.76340e+00
  5.40e-01	  2.50e-02	-1.62540e+00
  5.40e-01	  3.00e-02	-1.46550e+00
  5.40e-01	  3.50e-02	-1.61719e+00
  5.40e-01	  4.00e-02	-1.60821e+00
  5.40e-01	  4.50e-02	-1.58159e+00
  5.40e-01	  5.00e-02	-1.51562e+00
  5.40e-01	  5.50e-02	-1.34943e+00
  5.40e-01	  6.00e-02	-1.06191e+00
  5.40e-01	  6.50e-02	-7.25420e-01
  5.40e-01	  7.00e-02	-3.96540e-01
  5.40e-01	  7.50e-02	-9.28351e-02
  5.40e-01	  8.00e-02	1.82032e-01
  5.40e-01	  8.50e-02	4.43726e-01
  5.40e-01	  9.00e-02	7.29577e-01
  5.40e-01	  9.50e-02	1.11877e+00
  5.40e-01	  1.00e-01	1.79003e+00
  5.40e-01	  1.05e-01	2.41795e+00
  5.40e-01	  1.10e-01	2.81742e+00
  5.40e-01	  1.15e-01	1.94848e+00

  5.60e-01	  0.00e+00	7.76373e-01
  5.60e-01	  5.00e-03	-1.97995e+00
  5.60e-01	  1.00e-02	-2.26010e+00
  5.60e-01	  1.50e-02	-1.31122e+00
  5.60e-01	  2.00e-02	-1.12002e+00
  5.60e-01	  2.50e-02	-1.16853e+00
  5.60e-01	  3.00e-02	-1.12703e+00
  5.60e-01	  3.50e-02	-1.10725e+00
  5.60e-01	  4.00e-02	-1.07084e+00
  5.60e-01	  4.50e-02	-1.02562e+00
  5.60e-01	  5.00e-02	-9.64966e-01
  5.60e-01	  5.50e-02	-8.77238e-01
  5.60e-01	  6.00e-02	-7.57716e-01
  5.60e-01	  6.50e-02	-6.04267e-01
  5.60e-01	  7.00e-02	-3.71224e-01
  5.60e-01	  7.50e-02	7.13389e-02
  5.60e-01	  8.00e-02	4.64815e-01
  5.60e-01	  8.50e-02	8.50047e-01
  5.60e-01	  9.00e-02	1.27232e+00
  5.60e-01	  9.50e-02	1.79283e+00
  5.60e-01	  1.00e-01	2.39955e+00
  5.60e-01	  1.05e-01	2.29415e+00
  5.60e-01	  1.10e-01	1.52216e+00
  5.60e-01	  1.15e-01	-8.98032e-02

  5.80e-01	  0.00e+00	-1.46559e+00
  5.80e-01	  5.00e-03	-1.48676e+00
  5.80e-01	  1.00e-02	-7.87827e-01
  5.80e-01	  1.50e-02	-7.34220e-01
  5.80e-01	  2.00e-02	-5.52537e-01
  5.80e-01	  2.50e-02	-3.68586e-01
  5.80e-01	  3.00e-02	-1.51143e-01
  5.80e-01	  3.50e-02	9.72638e-02
  5.80e-01	  4.00e-02	3.84354e-01
  5.80e-01	  4.50e-02	7.11833e-01
  5.80e-01	  5.00e-02	1.07891e+00
  5.80e-01	  5.50e-02	1.47380e+00
  5.80e-01	  6.00e-02	1.85689e+00
  5.80e-01	  6.50e-02	2.12790e+00
  5.80e-01	  7.00e-02	2.05997e+00
  5.80e-01	  7.50e-02	1.60160e+00
  5.80e-01	  8.00e-02	1.28256e+00
  5.80e-01	  8.50e-02	1.12553e+00
  5.80e-01	  9.00e-02	1.21273e+00
  5.80e-01	  9.50e-02	1.40393e+00
  5.80e-01	  1.00e-01	1.41751e+00
  5.80e-01	  1.05e-01	8.79128e-01
  5.80e-01	  1.10e-01	-1.29383e-01
  5.80e-01	  1.15e-01	-1.27884e+00

  6.00e-01	  0.00e+00	-2.43127e+00
  6.00e-01	  5.00e-03	-1.16417e+00
  6.00e-01	  1.00e-02	-6.88107e-01
  6.00e-01	  1.50e-02	-5.61671e-01
  6.00e-01	  2.00e-02	-3.93437e-01
  6.00e-01	  2.50e-02	-1.86437e-01
  6.00e-01	  3.00e-02	6.46003e-02
  6.00e-01	  3.50e-02	3.61758e-01
  6.00e-01	  4.00e-02	7.14627e-01
  6.00e-01	  4.50e-02	1.13941e+00
  6.00e-01	  5.00e-02	1.67194e+00
  6.00e-01	  5.50e-02	2.39489e+00
  6.00e-01	  6.00e-02	3.48898e+00
  6.00e-01	  6.50e-02	5.30825e+00
  6.00e-01	  7.00e-02	9.28542e-02
  6.00e-01	  7.50e-02	3.11311e-02
  6.00e-01	  8.00e-02	-7.92607e-03
  6.00e-01	  8.50e-02	-4.30745e-02
  6.00e-01	  9.00e-02	-7.91203e-02
  6.00e-01	  9.50e-02	-1.11879e-01
  6.00e-01	  1.00e-01	-1.35892e-01
  6.00e-01	  1.05e-01	-1.35508e-01
  6.00e-01	  1.10e-01	-1.00726e-01
  6.00e-01	  1.15e-01	-3.84974e-02

  6.20e-01	  0.00e+00	-3.37689e+00
  6.20e-01	  5.00e-03	-1.37703e+00
  6.20e-01	  1.00e-02	-7.11536e-01
  6.20e-01	  1.50e-02	-5.06370e-01
  6.20e-01	  2.00e-02	-3.15192e-01
  6.20e-01	  2.50e-02	-4.24831e-02
  6.20e-01	  3.00e-02	2.81938e-01
  6.20e-01	  3.50e-02	7.06361e-01
  6.20e-01	  4.00e-02	1.25698e+00
  6.20e-01	  4.50e-02	1.95417e+00
  6.20e-01	  5.00e-02	2.77989e+00
  6.20e-01	  5.50e-02	3.57650e+00
  6.20e-01	  6.00e-02	3.76718e+00
  6.20e-01	  6.50e-02	2.22096e+00
  6.20e-01	  7.00e-02	7.77101e-01
  6.20e-01	  7.50e-02	7.22671e-01
  6.20e-01	  8.00e-02	6.13384e-01
  6.20e-01	  8.50e-02	4.93101e-01
  6.20e-01	  9.00e-02	3.31556e-01
  6.20e-01	  9.50e-02	5.86941e-02
  6.20e-01	  1.00e-01	-3.43928e-01
  6.20e-01	  1.05e-01	-7.12232e-01
  6.20e-01	  1.10e-01	-6.85880e-01
  6.20e-01	  1.15e-01	-1.26174e-01

  6.40e-01	  0.00e+00	-3.95431e+00
  6.40e-01	  5.00e-03	-1.84136e+00
  6.40e-01	  1.00e-02	-9.23827e-01
  6.40e-01	  1.50e-02	-5.69697e-01
  6.40e-01	  2.00e-02	-3.44882e-01
  6.40e-01	  2.50e-02	-8.35118e-02
  6.40e-01	  3.00e-02	2.30514e-01
  6.40e-01	  3.50e-02	6.35174e-01
  6.40e-01	  4.00e-02	1.16181e+00
  6.40e-01	  4.50e-02	1.83665e+00
  6.40e-01	  5.00e-02	2.63054e+00
  6.40e-01	  5.50e-02	3.27136e+00
  6.40e-01	  6.00e-02	3.15899e+00
  6.40e-01	  6.50e-02	2.38191e+00
  6.40e-01	  7.00e-02	1.91559e+00
  6.40e-01	  7.50e-02	1.69543e+00
  6.40e-01	  8.00e-02	1.69873e+00
  6.40e-01	  8.50e-02	1.64324e+00
  6.40e-01	  9.00e-02	1.26579e+00
  6.40e-01	  9.50e-02	8.24272e-01
  6.40e-01	  1.00e-01	1.35680e-01
  6.40e-01	  1.05e-01	-7.42624e-01
  6.40e-01	  1.10e-01	-1.57287e+00
  6.40e-01	  1.15e-01	-1.41342e+00

  6.60e-01	  0.00e+00	-3.87519e+00
  6.60e-01	  5.00e-03	-2.31716e+00
  6.60e-01	  1.00e-02	-1.32733e+00
  6.60e-01	  1.50e-02	-8.13274e-01
  6.60e-01	  2.00e-02	-4.93905e-01
  6.60e-01	  2.50e-02	-2.34610e-01
  6.60e-01	  3.00e-02	4.03274e-02
  6.60e-01	  3.50e-02	3.69762e-01
  6.60e-01	  4.00e-02	7.74153e-01
  6.60e-01	  4.50e-02	1.25627e+00
  6.60e-01	  5.00e-02	1.76907e+00
  6.60e-01	  5.50e-02	2.14887e+00
  6.60e-01	  6.00e-02	2.18542e+00
  6.60e-01	  6.50e-02	2.09300e+00
  6.60e-01	  7.00e-02	2.06587e+00
  6.60e-01	  7.50e-02	2.46761e+00
  6.60e-01	  8.00e-02	2.74162e+00
  6.60e-01	  8.50e-02	1.84770e+00
  6.60e-01	  9.00e-02	1.64745e+00
  6.60e-01	  9.50e-02	1.81673e+00
  6.60e-01	  1.00e-01	1.14683e+00
  6.60e-01	  1.05e-01	-9.56812e-02
  6.60e-01	  1.10e-01	-2.06290e+00
  6.60e-01	  1.15e-01	-3.91389e+00

  6.80e-01	  0.00e+00	-2.96359e+00
  6.80e-01	  5.00e-03	-2.50128e+00
  6.80e-01	  1.00e-02	-1.83436e+00
  6.80e-01	  1.50e-02	-1.18970e+00
  6.80e-01	  2.00e-02	-8.01404e-01
  6.80e-01	  2.50e-02	-5.16030e-01
  6.80e-01	  3.00e-02	-2.53912e-01
  6.80e-01	  3.50e-02	2.94741e-02
  6.80e-01	  4.00e-02	3.52929e-01
  6.80e-01	  4.50e-02	7.15597e-01
  6.80e-01	  5.00e-02	1.08657e+00
  6.80e-01	  5.50e-02	1.38867e+00
  6.80e-01	  6.00e-02	1.55420e+00
  6.80e-01	  6.50e-02	1.62715e+00
  6.80e-01	  7.00e-02	1.66134e+00
  6.80e-01	  7.50e-02	1.67680e+00
  6.80e-01	  8.00e-02	1.53978e+00
  6.80e-01	  8.50e-02	1.75249e+00
  6.80e-01	  9.00e-02	2.82402e+00
  6.80e-01	  9.50e-02	2.45026e+00
  6.80e-01	  1.00e-01	1.54569e+00
  6.80e-01	  1.05e-01	7.16374e-01
  6.80e-01	  1.10e-01	-1.71061e+00
  6.80e-01	  1.15e-01	-6.29511e+00

  7.00e-01	  0.00e+00	-1.42671e+00
  7.00e-01	  5.00e-03	-2.14008e+00
  7.00e-01	  1.00e-02	-2.29607e+00
  7.00e-01	  1.50e-02	-1.78914e+00
  7.00e-01	  2.00e-02	-1.41586e+00
  7.00e-01	  2.50e-02	-1.08947e+00
  7.00e-01	  3.00e-02	-7.71190e-01
  7.00e-01	  3.50e-02	-4.44549e-01
  7.00e-01	  4.00e-02	-8.85801e-02
  7.00e-01	  4.50e-02	3.17907e-01
  7.00e-01	  5.00e-02	7.96377e-01
  7.00e-01	  5.50e-02	1.04967e+00
  7.00e-01	  6.00e-02	1.17664e+00
  7.00e-01	  6.50e-02	1.23528e+00
  7.00e-01	  7.00e-02	1.26253e+00
  7.00e-01	  7.50e-02	1.27721e+00
  7.00e-01	  8.00e-02	1.27911e+00
  7.00e-01	  8.50e-02	1.30749e+00
  7.00e-01	  9.00e-02	1.25393e+00
  7.00e-01	  9.50e-02	1.44082e+00
  7.00e-01	  1.00e-01	2.29984e+00
  7.00e-01	  1.05e-01	2.08157e+00
  7.00e-01	  1.10e-01	-7.50257e-01
  7.00e-01	  1.15e-01	-5.78023e+00

  7.20e-01	  0.00e+00	-7.86757e-03
  7.20e-01	  5.00e-03	-1.11193e+00
  7.20e-01	  1.00e-02	-1.56889e+00
  7.20e-01	  1.50e-02	-1.40757e+00
  7.20e-01	  2.00e-02	-1.07383e+00
  7.20e-01	  2.50e-02	-9.08713e-01
  7.20e-01	  3.00e-02	-9.80233e-01
  7.20e-01	  3.50e-02	-1.18718e+00
  7.20e-01	  4.00e-02	-1.49257e+00
  7.20e-01	  4.50e-02	-1.89667e+00
  7.20e-01	  5.00e-02	-2.14677e+00
  7.20e-01	  5.50e-02	-1.85769e+00
  7.20e-01	  6.00e-02	-1.44600e+00
  7.20e-01	  6.50e-02	-1.02555e+00
  7.20e-01	  7.00e-02	-6.40357e-01
  7.20e-01	  7.50e-02	-3.04521e-01
  7.20e-01	  8.00e-02	-1.93657e-02
  7.20e-01	  8.50e-02	2.23643e-01
  7.20e-01	  9.00e-02	4.23277e-01
  7.20e-01	  9.50e-02	6.10284e-01
  7.20e-01	  1.00e-01	6.76730e-01
  7.20e-01	  1.05e-01	1.28274e+00
  7.20e-01	  1.10e-01	1.43044e+00
  7.20e-01	  1.15e-01	-6.25648e-01

  7.40e-01	  0.00e+00	2.08785e-37
  7.40e-01	  5.00e-03	-4.88956e-03
  7.40e-01	  1.00e-02	-1.59299e-02
  7.40e-01	  1.50e-02	-3.18473e-02
  7.40e-01	  2.00e-02	-5.35043e-02
  7.40e-01	  2.50e-02	-8.38377e-02
  7.40e-01	  3.00e-02	-1.26311e-01
  7.40e-01	  3.50e-02	-1.84384e-01
  7.40e-01	  4.00e-02	-2.61978e-01
  7.40e-01	  4.50e-02	-5.32203e+00
  7.40e-01	  5.00e-02	-3.28149e+00
  7.40e-01	  5.50e-02	-2.27782e+00
  7.40e-01	  6.00e-02	-1.58624e+00
  7.40e-01	  6.50e-02	-1.08466e+00
  7.40e-01	  7.00e-02	-7.06128e-01
  7.40e-01	  7.50e-02	-4.07375e-01
  7.40e-01	  8.00e-02	-1.59371e-01
  7.40e-01	  8.50e-02	5.20487e-02
  7.40e-01	  9.00e-02	2.31886e-01
  7.40e-01	  9.50e-02	3.85126e-01
  7.40e-01	  1.00e-01	4.89920e-01
  7.40e-01	  1.05e-01	9.73157e-01
  7.40e-01	  1.10e-01	2.47967e+00
  7.40e-01	  1.15e-01	6.46864e+00

  7.60e-01	  0.00e+00	9.93476e-02
  7.60e-01	  5.00e-03	9.20357e-02
  7.60e-01	  1.00e-02	1.38909e-01
  7.60e-01	  1.50e-02	1.79090e-01
  7.60e-01	  2.00e-02	2.02234e-01
  7.60e-01	  2.50e-02	1.96749e-01
  7.60e-01	  3.00e-02	1.64862e-01
  7.60e-01	  3.50e-02	8.06420e-02
  7.60e-01	  4.00e-02	-2.52686e-01
  7.60e-01	  4.50e-02	-2.17472e+00
  7.60e-01	  5.00e-02	-3.77834e+00
  7.60e-01	  5.50e-02	-2.91907e+00
  7.60e-01	  6.00e-02	-2.19003e+00
  7.60e-01	  6.50e-02	-1.61927e+00
  7.60e-01	  7.00e-02	-1.15258e+00
  7.60e-01	  7.50e-02	-7.64344e-01
  7.60e-01	  8.00e-02	-4.42267e-01
  7.60e-01	  8.50e-02	-1.72438e-01
  7.60e-01	  9.00e-02	5.43753e-02
  7.60e-01	  9.50e-02	2.43668e-01
  7.60e-01	  1.00e-01	4.67447e-01
  7.60e-01	  1.05e-01	1.16561e+00
  7.60e-01	  1.10e-01	3.69091e+00
  7.60e-01	  1.15e-01	1.01246e+01

  7.80e-01	  0.00e+00	1.01042e-01
  7.80e-01	  5.00e-03	1.12694e-01
  7.80e-01	  1.00e-02	2.08157e-01
  7.80e-01	  1.50e-02	2.61751e-01
  7.80e-01	  2.00e-02	2.76432e-01
  7.80e-01	  2.50e-02	2.36866e-01
  7.80e-01	  3.00e-02	1.38946e-01
  7.80e-01	  3.50e-02	-3.06628e-02
  7.80e-01	  4.00e-02	-3.32878e-01
  7.80e-01	  4.50e-02	-8.81853e-01
  7.80e-01	  5.00e-02	-2.19814e+00
  7.80e-01	  5.50e-02	-2.86936e+00
  7.80e-01	  6.00e-02	-2.66701e+00
  7.80e-01	  6.50e-02	-2.18231e+00
  7.80e-01	  7.00e-02	-1.60347e+00
  7.80e-01	  7.50e-02	-1.13772e+00
  7.80e-01	  8.00e-02	-7.41750e-01
  7.80e-01	  8.50e-02	-4.04551e-01
  7.80e-01	  9.00e-02	-1.09583e-01
  7.80e-01	  9.50e-02	1.49099e-01
  7.80e-01	  1.00e-01	5.14607e-01
  7.80e-01	  1.05e-01	1.59351e+00
  7.80e-01	  1.10e-01	4.74778e+00
  7.80e-01	  1.15e-01	1.10282e+01

  8.00e-01	  0.00e+00	3.53117e-02
  8.00e-01	  5.00e-03	1.01826e-01
  8.00e-01	  1.00e-02	2.47945e-01
  8.00e-01	  1.50e-02	3.13447e-01
  8.00e-01	  2.00e-02	3.10375e-01
  8.00e-01	  2.50e-02	2.21992e-01
  8.00e-01	  3.00e-02	7.25961e-02
  8.00e-01	  3.50e-02	-1.16447e-01
  8.00e-01	  4.00e-02	-3.52971e-01
  8.00e-01	  4.50e-02	-6.91333e-01
  8.00e-01	  5.00e-02	-1.39962e+00
  8.00e-01	  5.50e-02	-2.41564e+00
  8.00e-01	  6.00e-02	-2.79088e+00
  8.00e-01	  6.50e-02	-2.53810e+00
  8.00e-01	  7.00e-02	-2.00045e+00
  8.00e-01	  7.50e-02	-1.45772e+00
  8.00e-01	  8.00e-02	-9.77381e-01
  8.00e-01	  8.50e-02	-5.68181e-01
  8.00e-01	  9.00e-02	-2.13718e-01
  8.00e-01	  9.50e-02	1.25238e-01
  8.00e-01	  1.00e-01	6.73349e-01
  8.00e-01	  1.05e-01	2.11967e+00
  8.00e-01	  1.10e-01	5.52377e+00
  8.00e-01	  1.15e-01	1.03856e+01

  8.20e-01	  0.00e+00	-2.88485e-02
  8.20e-01	  5.00e-03	1.05508e-01
  8.20e-01	  1.00e-02	2.91854e-01
  8.20e-01	  1.50e-02	3.68780e-01
  8.20e-01	  2.00e-02	3.37121e-01
  8.20e-01	  2.50e-02	1.96148e-01
  8.20e-01	  3.00e-02	-2.26139e-03
  8.20e-01	  3.50e-02	-2.19641e-01
  8.20e-01	  4.00e-02	-4.50940e-01
  8.20e-01	  4.50e-02	-7.30665e-01
  8.20e-01	  5.00e-02	-1.27625e+00
  8.20e-01	  5.50e-02	-2.07924e+00
  8.20e-01	  6.00e-02	-2.68325e+00
  8.20e-01	  6.50e-02	-2.70047e+00
  8.20e-01	  7.00e-02	-2.24766e+00
  8.20e-01	  7.50e-02	-1.66393e+00
  8.20e-01	  8.00e-02	-1.11952e+00
  8.20e-01	  8.50e-02	-6.55543e-01
  8.20e-01	  9.00e-02	-2.51618e-01
  8.20e-01	  9.50e-02	1.73766e-01
  8.20e-01	  1.00e-01	9.13395e-01
  8.20e-01	  1.05e-01	2.64718e+00
  8.20e-01	  1.10e-01	5.98675e+00
  8.20e-01	  1.15e-01	9.20192e+00

  8.40e-01	  0.00e+00	-9.82024e-02
  8.40e-01	  5.00e-03	1.10621e-01
  8.40e-01	  1.00e-02	3.36952e-01
  8.40e-01	  1.50e-02	4.36371e-01
  8.40e-01	  2.00e-02	3.71499e-01
  8.40e-01	  2.50e-02	1.76468e-01
  8.40e-01	  3.00e-02	-6.14107e-02
  8.40e-01	  3.50e-02	-2.92720e-01
  8.40e-01	  4.00e-02	-5.16896e-01
  8.40e-01	  4.50e-02	-7.80634e-01
  8.40e-01	  5.00e-02	-1.27551e+00
  8.40e-01	  5.50e-02	-1.91748e+00
  8.40e-01	  6.00e-02	-2.51706e+00
  8.40e-01	  6.50e-02	-2.69923e+00
  8.40e-01	  7.00e-02	-2.35875e+00
  8.40e-01	  7.50e-02	-1.78081e+00
  8.40e-01	  8.00e-02	-1.20064e+00
  8.40e-01	  8.50e-02	-6.96682e-01
  8.40e-01	  9.00e-02	-2.47075e-01
  8.40e-01	  9.50e-02	2.66533e-01
  8.40e-01	  1.00e-01	1.17912e+00
  8.40e-01	  1.05e-01	3.10105e+00
  8.40e-01	  1.10e-01	6.19903e+00
  8.40e-01	  1.15e-01	8.04974e+00

  8.60e-01	  0.00e+00	-2.38258e-01
  8.60e-01	  5.00e-03	1.33283e-01
  8.60e-01	  1.00e-02	4.22024e-01
  8.60e-01	  1.50e-02	5.66964e-01
  8.60e-01	  2.00e-02	4.42164e-01
  8.60e-01	  2.50e-02	1.76300e-01
  8.60e-01	  3.00e-02	-1.02646e-01
  8.60e-01	  3.50e-02	-3.36948e-01
  8.60e-01	  4.00e-02	-5.24935e-01
  8.60e-01	  4.50e-02	-7.35027e-01
  8.60e-01	  5.00e-02	-1.21005e+00
  8.60e-01	  5.50e-02	-1.79091e+00
  8.60e-01	  6.00e-02	-2.36463e+00
  8.60e-01	  6.50e-02	-2.63969e+00
  8.60e-01	  7.00e-02	-2.41242e+00
  8.60e-01	  7.50e-02	-1.87128e+00
  8.60e-01	  8.00e-02	-1.27350e+00
  8.60e-01	  8.50e-02	-7.34505e-01
  8.60e-01	  9.00e-02	-2.38480e-01
  8.60e-01	  9.50e-02	3.57641e-01
  8.60e-01	  1.00e-01	1.40865e+00
  8.60e-01	  1.05e-01	3.44087e+00
  8.60e-01	  1.10e-01	6.28967e+00
  8.60e-01	  1.15e-01	7.17267e+00

  8.80e-01	  0.00e+00	-4.61753e-01
  8.80e-01	  5.00e-03	2.49729e-01
  8.80e-01	  1.00e-02	7.21654e-01
  8.80e-01	  1.50e-02	8.64550e-01
  8.80e-01	  2.00e-02	6.35957e-01
  8.80e-01	  2.50e-02	3.00712e-01
  8.80e-01	  3.00e-02	-1.96820e-02
  8.80e-01	  3.50e-02	-2.79423e-01
  8.80e-01	  4.00e-02	-4.50920e-01
  8.80e-01	  4.50e-02	-5.97998e-01
  8.80e-01	  5.00e-02	-1.05974e+00
  8.80e-01	  5.50e-02	-1.58785e+00
  8.80e-01	  6.00e-02	-2.16156e+00
  8.80e-01	  6.50e-02	-2.54023e+00
  8.80e-01	  7.00e-02	-2.45714e+00
  8.80e-01	  7.50e-02	-1.99156e+00
  8.80e-01	  8.00e-02	-1.39207e+00
  8.80e-01	  8.50e-02	-8.15318e-01
  8.80e-01	  9.00e-02	-2.68494e-01
  8.80e-01	  9.50e-02	3.99089e-01
  8.80e-01	  1.00e-01	1.54860e+00
  8.80e-01	  1.05e-01	3.65439e+00
  8.80e-01	  1.10e-01	6.40240e+00
  8.80e-01	  1.15e-01	6.65190e+00

  9.00e-01	  0.00e+00	-6.19681e-01
  9.00e-01	  5.00e-03	7.73767e-01
  9.00e-01	  1.00e-02	1.43599e+00
  9.00e-01	  1.50e-02	1.34178e+00
  9.00e-01	  2.00e-02	9.43321e-01
  9.00e-01	  2.50e-02	5.19647e-01
  9.00e-01	  3.00e-02	1.59190e-01
  9.00e-01	  3.50e-02	-1.31379e-01
  9.00e-01	  4.00e-02	-3.43083e-01
  9.00e-01	  4.50e-02	-5.13967e-01
  9.00e-01	  5.00e-02	-9.06565e-01
  9.00e-01	  5.50e-02	-1.16593e+00
  9.00e-01	  6.00e-02	-1.67803e+00
  9.00e-01	  6.50e-02	-2.18589e+00
  9.00e-01	  7.00e-02	-2.31459e+00
  9.00e-01	  7.50e-02	-2.00700e+00
  9.00e-01	  8.00e-02	-1.46750e+00
  9.00e-01	  8.50e-02	-8.86116e-01
  9.00e-01	  9.00e-02	-3.12102e-01
  9.00e-01	  9.50e-02	3.90144e-01
  9.00e-01	  1.00e-01	1.58856e+00
  9.00e-01	  1.05e-01	3.76178e+00
  9.00e-01	  1.10e-01	6.65255e+00
  9.00e-01	  1.15e-01	6.50398e+00

  9.20e-01	  0.00e+00	-2.02351e-01
  9.20e-01	  5.00e-03	1.80891e+00
  9.20e-01	  1.00e-02	1.73902e+00
  9.20e-01	  1.50e-02	1.12666e+00
  9.20e-01	  2.00e-02	5.23437e-01
  9.20e-01	  2.50e-02	2.52189e-02
  9.20e-01	  3.00e-02	-3.14199e-01
  9.20e-01	  3.50e-02	-5.18519e-01
  9.20e-01	  4.00e-02	-6.39164e-01
  9.20e-01	  4.50e-02	-7.99121e-01
  9.20e-01	  5.00e-02	-1.04955e+00
  9.20e-01	  5.50e-02	-1.06546e+00
  9.20e-01	  6.00e-02	-1.34794e+00
  9.20e-01	  6.50e-02	-1.89238e+00
  9.20e-01	  7.00e-02	-2.30561e+00
  9.20e-01	  7.50e-02	-2.28559e+00
  9.20e-01	  8.00e-02	-1.88623e+00
  9.20e-01	  8.50e-02	-1.29479e+00
  9.20e-01	  9.00e-02	-6.65034e-01
  9.20e-01	  9.50e-02	1.62729e-01
  9.20e-01	  1.00e-01	1.51669e+00
  9.20e-01	  1.05e-01	3.90311e+00
  9.20e-01	  1.10e-01	7.26994e+00
  9.20e-01	  1.15e-01	6.92973e+00

  9.40e-01	  0.00e+00	9.48124e-01
  9.40e-01	  5.00e-03	1.96872e+00
  9.40e-01	  1.00e-02	1.37685e+00
  9.40e-01	  1.50e-02	8.55140e-01
  9.40e-01	  2.00e-02	4.35082e-01
  9.40e-01	  2.50e-02	9.00488e-02
  9.40e-01	  3.00e-02	-1.26362e-01
  9.40e-01	  3.50e-02	-2.43863e-01
  9.40e-01	  4.00e-02	-2.55842e-01
  9.40e-01	  4.50e-02	-1.42606e-01
  9.40e-01	  5.00e-02	-1.49404e-02
  9.40e-01	  5.50e-02	-5.44786e-02
  9.40e-01	  6.00e-02	-2.93221e-01
  9.40e-01	  6.50e-02	-7.53447e-01
  9.40e-01	  7.00e-02	-1.28988e+00
  9.40e-01	  7.50e-02	-1.58265e+00
  9.40e-01	  8.00e-02	-1.45266e+00
  9.40e-01	  8.50e-02	-9.84577e-01
  9.40e-01	  9.00e-02	-3.59804e-01
  9.40e-01	  9.50e-02	3.87838e-01
  9.40e-01	  1.00e-01	1.59744e+00
  9.40e-01	  1.05e-01	3.96540e+00
  9.40e-01	  1.10e-01	8.10192e+00
  9.40e-01	  1.15e-01	6.65276e+00

