  0.00e+00	  2.50e-03	0.00000e+00
  0.00e+00	  7.50e-03	0.00000e+00
  0.00e+00	  1.25e-02	0.00000e+00
  0.00e+00	  1.75e-02	0.00000e+00
  0.00e+00	  2.25e-02	0.00000e+00
  0.00e+00	  2.75e-02	0.00000e+00
  0.00e+00	  3.25e-02	0.00000e+00
  0.00e+00	  3.75e-02	0.00000e+00
  0.00e+00	  4.25e-02	0.00000e+00
  0.00e+00	  4.75e-02	0.00000e+00
  0.00e+00	  5.25e-02	0.00000e+00
  0.00e+00	  5.75e-02	0.00000e+00
  0.00e+00	  6.25e-02	0.00000e+00
  0.00e+00	  6.75e-02	0.00000e+00
  0.00e+00	  7.25e-02	0.00000e+00
  0.00e+00	  7.75e-02	0.00000e+00
  0.00e+00	  8.25e-02	0.00000e+00
  0.00e+00	  8.75e-02	0.00000e+00
  0.00e+00	  9.25e-02	0.00000e+00
  0.00e+00	  9.75e-02	0.00000e+00
  0.00e+00	  1.03e-01	0.00000e+00
  0.00e+00	  1.08e-01	0.00000e+00
  0.00e+00	  1.13e-01	0.00000e+00
  0.00e+00	  1.18e-01	0.00000e+00

  0.00e+00	  2.50e-03	2.00000e-02
  0.00e+00	  7.50e-03	2.00000e-02
  0.00e+00	  1.25e-02	2.00000e-02
  0.00e+00	  1.75e-02	2.00000e-02
  0.00e+00	  2.25e-02	2.00000e-02
  0.00e+00	  2.75e-02	2.00000e-02
  0.00e+00	  3.25e-02	2.00000e-02
  0.00e+00	  3.75e-02	2.00000e-02
  0.00e+00	  4.25e-02	2.00000e-02
  0.00e+00	  4.75e-02	2.00000e-02
  0.00e+00	  5.25e-02	2.00000e-02
  0.00e+00	  5.75e-02	2.00000e-02
  0.00e+00	  6.25e-02	2.00000e-02
  0.00e+00	  6.75e-02	2.00000e-02
  0.00e+00	  7.25e-02	2.00000e-02
  0.00e+00	  7.75e-02	2.00000e-02
  0.00e+00	  8.25e-02	2.00000e-02
  0.00e+00	  8.75e-02	2.00000e-02
  0.00e+00	  9.25e-02	2.00000e-02
  0.00e+00	  9.75e-02	2.00000e-02
  0.00e+00	  1.03e-01	2.00000e-02
  0.00e+00	  1.08e-01	2.00000e-02
  0.00e+00	  1.13e-01	2.00000e-02
  0.00e+00	  1.18e-01	2.00000e-02

  2.00e-02	  2.50e-03	1.21712e-02
  2.00e-02	  7.50e-03	1.96160e-02
  2.00e-02	  1.25e-02	2.18967e-02
  2.00e-02	  1.75e-02	2.23562e-02
  2.00e-02	  2.25e-02	2.21960e-02
  2.00e-02	  2.75e-02	2.18727e-02
  2.00e-02	  3.25e-02	2.15554e-02
  2.00e-02	  3.75e-02	2.12973e-02
  2.00e-02	  4.25e-02	2.11069e-02
  2.00e-02	  4.75e-02	2.09778e-02
  2.00e-02	  5.25e-02	2.09012e-02
  2.00e-02	  5.75e-02	2.08699e-02
  2.00e-02	  6.25e-02	2.08804e-02
  2.00e-02	  6.75e-02	2.09325e-02
  2.00e-02	  7.25e-02	2.10300e-02
  2.00e-02	  7.75e-02	2.11806e-02
  2.00e-02	  8.25e-02	2.13948e-02
  2.00e-02	  8.75e-02	2.16819e-02
  2.00e-02	  9.25e-02	2.20381e-02
  2.00e-02	  9.75e-02	2.24141e-02
  2.00e-02	  1.03e-01	2.26390e-02
  2.00e-02	  1.08e-01	2.22393e-02
  2.00e-02	  1.13e-01	1.99705e-02
  2.00e-02	  1.18e-01	1.24048e-02

  4.00e-02	  2.50e-03	6.86858e-03
  4.00e-02	  7.50e-03	1.60314e-02
  4.00e-02	  1.25e-02	2.06831e-02
  4.00e-02	  1.75e-02	2.26039e-02
  4.00e-02	  2.25e-02	2.31635e-02
  4.00e-02	  2.75e-02	2.31253e-02
  4.00e-02	  3.25e-02	2.28737e-02
  4.00e-02	  3.75e-02	2.25880e-02
  4.00e-02	  4.25e-02	2.23437e-02
  4.00e-02	  4.75e-02	2.21666e-02
  4.00e-02	  5.25e-02	2.20615e-02
  4.00e-02	  5.75e-02	2.20262e-02
  4.00e-02	  6.25e-02	2.20585e-02
  4.00e-02	  6.75e-02	2.21585e-02
  4.00e-02	  7.25e-02	2.23298e-02
  4.00e-02	  7.75e-02	2.25778e-02
  4.00e-02	  8.25e-02	2.29051e-02
  4.00e-02	  8.75e-02	2.32982e-02
  4.00e-02	  9.25e-02	2.36965e-02
  4.00e-02	  9.75e-02	2.39293e-02
  4.00e-02	  1.03e-01	2.35960e-02
  4.00e-02	  1.08e-01	2.18632e-02
  4.00e-02	  1.13e-01	1.72032e-02
  4.00e-02	  1.18e-01	7.55666e-03

  6.00e-02	  2.50e-03	4.68893e-03
  6.00e-02	  7.50e-03	1.28062e-02
  6.00e-02	  1.25e-02	1.84285e-02
  6.00e-02	  1.75e-02	2.15722e-02
  6.00e-02	  2.25e-02	2.30387e-02
  6.00e-02	  2.75e-02	2.35601e-02
  6.00e-02	  3.25e-02	2.36182e-02
  6.00e-02	  3.75e-02	2.34908e-02
  6.00e-02	  4.25e-02	2.33244e-02
  6.00e-02	  4.75e-02	2.31889e-02
  6.00e-02	  5.25e-02	2.31140e-02
  6.00e-02	  5.75e-02	2.31099e-02
  6.00e-02	  6.25e-02	2.31795e-02
  6.00e-02	  6.75e-02	2.33242e-02
  6.00e-02	  7.25e-02	2.35460e-02
  6.00e-02	  7.75e-02	2.38458e-02
  6.00e-02	  8.25e-02	2.42142e-02
  6.00e-02	  8.75e-02	2.46106e-02
  6.00e-02	  9.25e-02	2.49181e-02
  6.00e-02	  9.75e-02	2.48638e-02
  6.00e-02	  1.03e-01	2.39020e-02
  6.00e-02	  1.08e-01	2.11082e-02
  6.00e-02	  1.13e-01	1.53130e-02
  6.00e-02	  1.18e-01	6.00661e-03

  8.00e-02	  2.50e-03	3.56523e-03
  8.00e-02	  7.50e-03	1.02984e-02
  8.00e-02	  1.25e-02	1.59215e-02
  8.00e-02	  1.75e-02	1.97958e-02
  8.00e-02	  2.25e-02	2.20830e-02
  8.00e-02	  2.75e-02	2.32612e-02
  8.00e-02	  3.25e-02	2.37763e-02
  8.00e-02	  3.75e-02	2.39458e-02
  8.00e-02	  4.25e-02	2.39679e-02
  8.00e-02	  4.75e-02	2.39562e-02
  8.00e-02	  5.25e-02	2.39702e-02
  8.00e-02	  5.75e-02	2.40378e-02
  8.00e-02	  6.25e-02	2.41712e-02
  8.00e-02	  6.75e-02	2.43753e-02
  8.00e-02	  7.25e-02	2.46522e-02
  8.00e-02	  7.75e-02	2.49992e-02
  8.00e-02	  8.25e-02	2.53986e-02
  8.00e-02	  8.75e-02	2.57899e-02
  8.00e-02	  9.25e-02	2.60164e-02
  8.00e-02	  9.75e-02	2.57391e-02
  8.00e-02	  1.03e-01	2.43434e-02
  8.00e-02	  1.08e-01	2.09492e-02
  8.00e-02	  1.13e-01	1.47616e-02
  8.00e-02	  1.18e-01	5.77669e-03

  1.00e-01	  2.50e-03	2.68294e-03
  1.00e-01	  7.50e-03	8.11573e-03
  1.00e-01	  1.25e-02	1.32523e-02
  1.00e-01	  1.75e-02	1.74053e-02
  1.00e-01	  2.25e-02	2.03274e-02
  1.00e-01	  2.75e-02	2.21784e-02
  1.00e-01	  3.25e-02	2.32639e-02
  1.00e-01	  3.75e-02	2.38705e-02
  1.00e-01	  4.25e-02	2.42138e-02
  1.00e-01	  4.75e-02	2.44375e-02
  1.00e-01	  5.25e-02	2.46294e-02
  1.00e-01	  5.75e-02	2.48386e-02
  1.00e-01	  6.25e-02	2.50902e-02
  1.00e-01	  6.75e-02	2.53959e-02
  1.00e-01	  7.25e-02	2.57603e-02
  1.00e-01	  7.75e-02	2.61809e-02
  1.00e-01	  8.25e-02	2.66383e-02
  1.00e-01	  8.75e-02	2.70654e-02
  1.00e-01	  9.25e-02	2.72883e-02
  1.00e-01	  9.75e-02	2.69357e-02
  1.00e-01	  1.03e-01	2.53641e-02
  1.00e-01	  1.08e-01	2.17342e-02
  1.00e-01	  1.13e-01	1.53794e-02
  1.00e-01	  1.18e-01	6.18555e-03

  1.20e-01	  2.50e-03	1.80245e-03
  1.20e-01	  7.50e-03	5.90301e-03
  1.20e-01	  1.25e-02	1.02564e-02
  1.20e-01	  1.75e-02	1.42952e-02
  1.20e-01	  2.25e-02	1.76004e-02
  1.20e-01	  2.75e-02	2.00658e-02
  1.20e-01	  3.25e-02	2.18055e-02
  1.20e-01	  3.75e-02	2.30118e-02
  1.20e-01	  4.25e-02	2.38652e-02
  1.20e-01	  4.75e-02	2.45145e-02
  1.20e-01	  5.25e-02	2.50623e-02
  1.20e-01	  5.75e-02	2.55666e-02
  1.20e-01	  6.25e-02	2.60670e-02
  1.20e-01	  6.75e-02	2.65765e-02
  1.20e-01	  7.25e-02	2.71033e-02
  1.20e-01	  7.75e-02	2.76511e-02
  1.20e-01	  8.25e-02	2.82105e-02
  1.20e-01	  8.75e-02	2.87257e-02
  1.20e-01	  9.25e-02	2.90329e-02
  1.20e-01	  9.75e-02	2.87619e-02
  1.20e-01	  1.03e-01	2.72547e-02
  1.20e-01	  1.08e-01	2.36393e-02
  1.20e-01	  1.13e-01	1.71161e-02
  1.20e-01	  1.18e-01	7.15825e-03

  1.40e-01	  2.50e-03	8.77644e-04
  1.40e-01	  7.50e-03	3.48123e-03
  1.40e-01	  1.25e-02	6.74651e-03
  1.40e-01	  1.75e-02	1.02489e-02
  1.40e-01	  2.25e-02	1.35582e-02
  1.40e-01	  2.75e-02	1.64192e-02
  1.40e-01	  3.25e-02	1.87896e-02
  1.40e-01	  3.75e-02	2.07745e-02
  1.40e-01	  4.25e-02	2.23822e-02
  1.40e-01	  4.75e-02	2.37865e-02
  1.40e-01	  5.25e-02	2.50819e-02
  1.40e-01	  5.75e-02	2.62811e-02
  1.40e-01	  6.25e-02	2.73748e-02
  1.40e-01	  6.75e-02	2.83538e-02
  1.40e-01	  7.25e-02	2.92206e-02
  1.40e-01	  7.75e-02	2.99892e-02
  1.40e-01	  8.25e-02	3.06760e-02
  1.40e-01	  8.75e-02	3.12878e-02
  1.40e-01	  9.25e-02	3.16907e-02
  1.40e-01	  9.75e-02	3.15685e-02
  1.40e-01	  1.03e-01	3.02650e-02
  1.40e-01	  1.08e-01	2.68060e-02
  1.40e-01	  1.13e-01	2.00501e-02
  1.40e-01	  1.18e-01	8.78882e-03

  1.60e-01	  2.50e-03	-2.76287e-05
  1.60e-01	  7.50e-03	9.03568e-04
  1.60e-01	  1.25e-02	2.72324e-03
  1.60e-01	  1.75e-02	5.12515e-03
  1.60e-01	  2.25e-02	7.71358e-03
  1.60e-01	  2.75e-02	1.02566e-02
  1.60e-01	  3.25e-02	1.28385e-02
  1.60e-01	  3.75e-02	1.53244e-02
  1.60e-01	  4.25e-02	1.78184e-02
  1.60e-01	  4.75e-02	2.06349e-02
  1.60e-01	  5.25e-02	2.41214e-02
  1.60e-01	  5.75e-02	2.74354e-02
  1.60e-01	  6.25e-02	3.01896e-02
  1.60e-01	  6.75e-02	3.22796e-02
  1.60e-01	  7.25e-02	3.37546e-02
  1.60e-01	  7.75e-02	3.47368e-02
  1.60e-01	  8.25e-02	3.53700e-02
  1.60e-01	  8.75e-02	3.57861e-02
  1.60e-01	  9.25e-02	3.60074e-02
  1.60e-01	  9.75e-02	3.58078e-02
  1.60e-01	  1.03e-01	3.45582e-02
  1.60e-01	  1.08e-01	3.11567e-02
  1.60e-01	  1.13e-01	2.40149e-02
  1.60e-01	  1.18e-01	1.10185e-02

  1.80e-01	  2.50e-03	9.10428e-36
  1.80e-01	  7.50e-03	9.08199e-36
  1.80e-01	  1.25e-02	9.06461e-36
  1.80e-01	  1.75e-02	9.09548e-36
  1.80e-01	  2.25e-02	9.20619e-36
  1.80e-01	  2.75e-02	9.35359e-36
  1.80e-01	  3.25e-02	9.48342e-36
  1.80e-01	  3.75e-02	9.55290e-36
  1.80e-01	  4.25e-02	9.48733e-36
  1.80e-01	  4.75e-02	9.22985e-36
  1.80e-01	  5.25e-02	2.20821e-02
  1.80e-01	  5.75e-02	3.45027e-02
  1.80e-01	  6.25e-02	4.11089e-02
  1.80e-01	  6.75e-02	4.41793e-02
  1.80e-01	  7.25e-02	4.51309e-02
  1.80e-01	  7.75e-02	4.49059e-02
  1.80e-01	  8.25e-02	4.41369e-02
  1.80e-01	  8.75e-02	4.32064e-02
  1.80e-01	  9.25e-02	4.23525e-02
  1.80e-01	  9.75e-02	4.13659e-02
  1.80e-01	  1.03e-01	3.95748e-02
  1.80e-01	  1.08e-01	3.57025e-02
  1.80e-01	  1.13e-01	2.77803e-02
  1.80e-01	  1.18e-01	1.29995e-02

  2.00e-01	  2.50e-03	-6.30574e-04
  2.00e-01	  7.50e-03	-2.89858e-03
  2.00e-01	  1.25e-02	-4.91875e-03
  2.00e-01	  1.75e-02	-5.75999e-03
  2.00e-01	  2.25e-02	-5.47352e-03
  2.00e-01	  2.75e-02	-4.37050e-03
  2.00e-01	  3.25e-02	-2.92410e-03
  2.00e-01	  3.75e-02	-1.33778e-03
  2.00e-01	  4.25e-02	4.51473e-04
  2.00e-01	  4.75e-02	4.82029e-03
  2.00e-01	  5.25e-02	1.76010e-02
  2.00e-01	  5.75e-02	3.21882e-02
  2.00e-01	  6.25e-02	4.19720e-02
  2.00e-01	  6.75e-02	4.69380e-02
  2.00e-01	  7.25e-02	4.87439e-02
  2.00e-01	  7.75e-02	4.87849e-02
  2.00e-01	  8.25e-02	4.79843e-02
  2.00e-01	  8.75e-02	4.68914e-02
  2.00e-01	  9.25e-02	4.57695e-02
  2.00e-01	  9.75e-02	4.44055e-02
  2.00e-01	  1.03e-01	4.20569e-02
  2.00e-01	  1.08e-01	3.73641e-02
  2.00e-01	  1.13e-01	2.83460e-02
  2.00e-01	  1.18e-01	1.25989e-02

  2.20e-01	  2.50e-03	-3.13198e-03
  2.20e-01	  7.50e-03	-8.68641e-03
  2.20e-01	  1.25e-02	-1.14301e-02
  2.20e-01	  1.75e-02	-1.14075e-02
  2.20e-01	  2.25e-02	-9.68133e-03
  2.20e-01	  2.75e-02	-6.68399e-03
  2.20e-01	  3.25e-02	-3.75546e-03
  2.20e-01	  3.75e-02	8.57745e-04
  2.20e-01	  4.25e-02	7.81899e-03
  2.20e-01	  4.75e-02	1.62225e-02
  2.20e-01	  5.25e-02	2.62753e-02
  2.20e-01	  5.75e-02	3.67293e-02
  2.20e-01	  6.25e-02	4.40903e-02
  2.20e-01	  6.75e-02	4.77756e-02
  2.20e-01	  7.25e-02	4.90744e-02
  2.20e-01	  7.75e-02	4.90011e-02
  2.20e-01	  8.25e-02	4.82425e-02
  2.20e-01	  8.75e-02	4.71940e-02
  2.20e-01	  9.25e-02	4.59421e-02
  2.20e-01	  9.75e-02	4.41160e-02
  2.20e-01	  1.03e-01	4.08818e-02
  2.20e-01	  1.08e-01	3.49774e-02
  2.20e-01	  1.13e-01	2.49184e-02
  2.20e-01	  1.18e-01	9.81378e-03

  2.40e-01	  2.50e-03	-7.33202e-03
  2.40e-01	  7.50e-03	-1.49763e-02
  2.40e-01	  1.25e-02	-1.64350e-02
  2.40e-01	  1.75e-02	-1.41052e-02
  2.40e-01	  2.25e-02	-1.04481e-02
  2.40e-01	  2.75e-02	-3.42550e-03
  2.40e-01	  3.25e-02	6.32689e-03
  2.40e-01	  3.75e-02	1.37159e-02
  2.40e-01	  4.25e-02	2.02582e-02
  2.40e-01	  4.75e-02	2.67420e-02
  2.40e-01	  5.25e-02	3.35376e-02
  2.40e-01	  5.75e-02	3.98078e-02
  2.40e-01	  6.25e-02	4.41849e-02
  2.40e-01	  6.75e-02	4.63861e-02
  2.40e-01	  7.25e-02	4.70540e-02
  2.40e-01	  7.75e-02	4.67854e-02
  2.40e-01	  8.25e-02	4.59808e-02
  2.40e-01	  8.75e-02	4.48055e-02
  2.40e-01	  9.25e-02	4.31394e-02
  2.40e-01	  9.75e-02	4.04688e-02
  2.40e-01	  1.03e-01	3.58585e-02
  2.40e-01	  1.08e-01	2.86817e-02
  2.40e-01	  1.13e-01	1.83394e-02
  2.40e-01	  1.18e-01	5.89533e-03

  2.60e-01	  2.50e-03	-1.02378e-02
  2.60e-01	  7.50e-03	-1.65144e-02
  2.60e-01	  1.25e-02	-1.43791e-02
  2.60e-01	  1.75e-02	-6.54598e-03
  2.60e-01	  2.25e-02	4.51400e-03
  2.60e-01	  2.75e-02	1.07689e-02
  2.60e-01	  3.25e-02	1.61427e-02
  2.60e-01	  3.75e-02	2.17622e-02
  2.60e-01	  4.25e-02	2.70902e-02
  2.60e-01	  4.75e-02	3.20588e-02
  2.60e-01	  5.25e-02	3.65411e-02
  2.60e-01	  5.75e-02	4.01379e-02
  2.60e-01	  6.25e-02	4.24244e-02
  2.60e-01	  6.75e-02	4.34042e-02
  2.60e-01	  7.25e-02	4.34183e-02
  2.60e-01	  7.75e-02	4.27675e-02
  2.60e-01	  8.25e-02	4.16062e-02
  2.60e-01	  8.75e-02	3.98991e-02
  2.60e-01	  9.25e-02	3.73826e-02
  2.60e-01	  9.75e-02	3.35097e-02
  2.60e-01	  1.03e-01	2.73942e-02
  2.60e-01	  1.08e-01	1.94915e-02
  2.60e-01	  1.13e-01	1.03120e-02
  2.60e-01	  1.18e-01	2.17810e-03

  2.80e-01	  2.50e-03	-7.16960e-03
  2.80e-01	  7.50e-03	-7.35995e-03
  2.80e-01	  1.25e-02	1.94267e-03
  2.80e-01	  1.75e-02	9.52312e-03
  2.80e-01	  2.25e-02	1.45070e-02
  2.80e-01	  2.75e-02	1.96368e-02
  2.80e-01	  3.25e-02	2.43325e-02
  2.80e-01	  3.75e-02	2.86222e-02
  2.80e-01	  4.25e-02	3.23603e-02
  2.80e-01	  4.75e-02	3.54463e-02
  2.80e-01	  5.25e-02	3.77646e-02
  2.80e-01	  5.75e-02	3.91817e-02
  2.80e-01	  6.25e-02	3.96437e-02
  2.80e-01	  6.75e-02	3.92708e-02
  2.80e-01	  7.25e-02	3.82778e-02
  2.80e-01	  7.75e-02	3.68153e-02
  2.80e-01	  8.25e-02	3.48729e-02
  2.80e-01	  8.75e-02	3.22748e-02
  2.80e-01	  9.25e-02	2.86733e-02
  2.80e-01	  9.75e-02	2.35443e-02
  2.80e-01	  1.03e-01	1.64169e-02
  2.80e-01	  1.08e-01	9.20216e-03
  2.80e-01	  1.13e-01	2.76203e-03
  2.80e-01	  1.18e-01	-4.56659e-04

  3.00e-01	  2.50e-03	2.99225e-03
  3.00e-01	  7.50e-03	1.02478e-02
  3.00e-01	  1.25e-02	1.62749e-02
  3.00e-01	  1.75e-02	2.14482e-02
  3.00e-01	  2.25e-02	2.60001e-02
  3.00e-01	  2.75e-02	3.01752e-02
  3.00e-01	  3.25e-02	3.37785e-02
  3.00e-01	  3.75e-02	3.66847e-02
  3.00e-01	  4.25e-02	3.87442e-02
  3.00e-01	  4.75e-02	3.98220e-02
  3.00e-01	  5.25e-02	3.98029e-02
  3.00e-01	  5.75e-02	3.86245e-02
  3.00e-01	  6.25e-02	3.63371e-02
  3.00e-01	  6.75e-02	3.31764e-02
  3.00e-01	  7.25e-02	2.96534e-02
  3.00e-01	  7.75e-02	2.66963e-02
  3.00e-01	  8.25e-02	2.38991e-02
  3.00e-01	  8.75e-02	2.07940e-02
  3.00e-01	  9.25e-02	1.67261e-02
  3.00e-01	  9.75e-02	1.13145e-02
  3.00e-01	  1.03e-01	5.50883e-03
  3.00e-01	  1.08e-01	3.79996e-04
  3.00e-01	  1.13e-01	-2.39293e-03
  3.00e-01	  1.18e-01	-2.01352e-03

  3.20e-01	  2.50e-03	1.25793e-02
  3.20e-01	  7.50e-03	2.40955e-02
  3.20e-01	  1.25e-02	3.01392e-02
  3.20e-01	  1.75e-02	3.49537e-02
  3.20e-01	  2.25e-02	3.90878e-02
  3.20e-01	  2.75e-02	4.29403e-02
  3.20e-01	  3.25e-02	4.62761e-02
  3.20e-01	  3.75e-02	4.88833e-02
  3.20e-01	  4.25e-02	5.05049e-02
  3.20e-01	  4.75e-02	5.08129e-02
  3.20e-01	  5.25e-02	4.93437e-02
  3.20e-01	  5.75e-02	4.53829e-02
  3.20e-01	  6.25e-02	3.77105e-02
  3.20e-01	  6.75e-02	2.40410e-02
  3.20e-01	  7.25e-02	1.33472e-35
  3.20e-01	  7.75e-02	1.37999e-35
  3.20e-01	  8.25e-02	1.38502e-35
  3.20e-01	  8.75e-02	1.35734e-35
  3.20e-01	  9.25e-02	1.30757e-35
  3.20e-01	  9.75e-02	1.25332e-35
  3.20e-01	  1.03e-01	1.21811e-35
  3.20e-01	  1.08e-01	1.21082e-35
  3.20e-01	  1.13e-01	1.21492e-35
  3.20e-01	  1.18e-01	1.21872e-35

  3.40e-01	  2.50e-03	1.62402e-02
  3.40e-01	  7.50e-03	3.13405e-02
  3.40e-01	  1.25e-02	3.84791e-02
  3.40e-01	  1.75e-02	4.31141e-02
  3.40e-01	  2.25e-02	4.69289e-02
  3.40e-01	  2.75e-02	5.03247e-02
  3.40e-01	  3.25e-02	5.30972e-02
  3.40e-01	  3.75e-02	5.48806e-02
  3.40e-01	  4.25e-02	5.51912e-02
  3.40e-01	  4.75e-02	5.34560e-02
  3.40e-01	  5.25e-02	4.88046e-02
  3.40e-01	  5.75e-02	4.01779e-02
  3.40e-01	  6.25e-02	2.68497e-02
  3.40e-01	  6.75e-02	1.06790e-02
  3.40e-01	  7.25e-02	1.34580e-03
  3.40e-01	  7.75e-02	-3.77867e-04
  3.40e-01	  8.25e-02	-2.08214e-03
  3.40e-01	  8.75e-02	-3.89279e-03
  3.40e-01	  9.25e-02	-5.57462e-03
  3.40e-01	  9.75e-02	-6.62167e-03
  3.40e-01	  1.03e-01	-6.74206e-03
  3.40e-01	  1.08e-01	-5.44710e-03
  3.40e-01	  1.13e-01	-2.81827e-03
  3.40e-01	  1.18e-01	-3.21378e-04

  3.60e-01	  2.50e-03	1.44010e-02
  3.60e-01	  7.50e-03	3.12163e-02
  3.60e-01	  1.25e-02	4.00774e-02
  3.60e-01	  1.75e-02	4.53035e-02
  3.60e-01	  2.25e-02	4.91116e-02
  3.60e-01	  2.75e-02	5.22589e-02
  3.60e-01	  3.25e-02	5.47478e-02
  3.60e-01	  3.75e-02	5.62964e-02
  3.60e-01	  4.25e-02	5.64782e-02
  3.60e-01	  4.75e-02	5.47658e-02
  3.60e-01	  5.25e-02	5.03939e-02
  3.60e-01	  5.75e-02	4.24537e-02
  3.60e-01	  6.25e-02	3.07232e-02
  3.60e-01	  6.75e-02	1.79808e-02
  3.60e-01	  7.25e-02	8.56451e-03
  3.60e-01	  7.75e-02	2.20540e-03
  3.60e-01	  8.25e-02	-2.14155e-03
  3.60e-01	  8.75e-02	-5.56488e-03
  3.60e-01	  9.25e-02	-9.31122e-03
  3.60e-01	  9.75e-02	-1.21066e-02
  3.60e-01	  1.03e-01	-1.39137e-02
  3.60e-01	  1.08e-01	-1.35210e-02
  3.60e-01	  1.13e-01	-9.79946e-03
  3.60e-01	  1.18e-01	-3.06602e-03

  3.80e-01	  2.50e-03	9.39295e-03
  3.80e-01	  7.50e-03	2.50614e-02
  3.80e-01	  1.25e-02	3.54197e-02
  3.80e-01	  1.75e-02	4.19184e-02
  3.80e-01	  2.25e-02	4.64482e-02
  3.80e-01	  2.75e-02	4.97378e-02
  3.80e-01	  3.25e-02	5.22349e-02
  3.80e-01	  3.75e-02	5.38881e-02
  3.80e-01	  4.25e-02	5.44394e-02
  3.80e-01	  4.75e-02	5.35370e-02
  3.80e-01	  5.25e-02	5.07314e-02
  3.80e-01	  5.75e-02	4.56051e-02
  3.80e-01	  6.25e-02	3.82895e-02
  3.80e-01	  6.75e-02	3.01506e-02
  3.80e-01	  7.25e-02	2.26712e-02
  3.80e-01	  7.75e-02	1.54378e-02
  3.80e-01	  8.25e-02	7.53223e-03
  3.80e-01	  8.75e-02	-2.74189e-03
  3.80e-01	  9.25e-02	-1.03221e-02
  3.80e-01	  9.75e-02	-1.41954e-02
  3.80e-01	  1.03e-01	-1.84839e-02
  3.80e-01	  1.08e-01	-2.06408e-02
  3.80e-01	  1.13e-01	-1.82646e-02
  3.80e-01	  1.18e-01	-8.47688e-03

  4.00e-01	  2.50e-03	3.86158e-03
  4.00e-01	  7.50e-03	1.52427e-02
  4.00e-01	  1.25e-02	2.56733e-02
  4.00e-01	  1.75e-02	3.37807e-02
  4.00e-01	  2.25e-02	3.94168e-02
  4.00e-01	  2.75e-02	4.33791e-02
  4.00e-01	  3.25e-02	4.62896e-02
  4.00e-01	  3.75e-02	4.83347e-02
  4.00e-01	  4.25e-02	4.94687e-02
  4.00e-01	  4.75e-02	4.95273e-02
  4.00e-01	  5.25e-02	4.82781e-02
  4.00e-01	  5.75e-02	4.55129e-02
  4.00e-01	  6.25e-02	4.12699e-02
  4.00e-01	  6.75e-02	3.60269e-02
  4.00e-01	  7.25e-02	3.03509e-02
  4.00e-01	  7.75e-02	2.44254e-02
  4.00e-01	  8.25e-02	1.83212e-02
  4.00e-01	  8.75e-02	1.25248e-02
  4.00e-01	  9.25e-02	6.80448e-03
  4.00e-01	  9.75e-02	-3.80340e-03
  4.00e-01	  1.03e-01	-1.49512e-02
  4.00e-01	  1.08e-01	-2.09542e-02
  4.00e-01	  1.13e-01	-2.23379e-02
  4.00e-01	  1.18e-01	-1.35049e-02

  4.20e-01	  2.50e-03	-2.95560e-04
  4.20e-01	  7.50e-03	4.84934e-03
  4.20e-01	  1.25e-02	1.30908e-02
  4.20e-01	  1.75e-02	2.16591e-02
  4.20e-01	  2.25e-02	2.85662e-02
  4.20e-01	  2.75e-02	3.35099e-02
  4.20e-01	  3.25e-02	3.71600e-02
  4.20e-01	  3.75e-02	3.98811e-02
  4.20e-01	  4.25e-02	4.18369e-02
  4.20e-01	  4.75e-02	4.30537e-02
  4.20e-01	  5.25e-02	4.34570e-02
  4.20e-01	  5.75e-02	4.29007e-02
  4.20e-01	  6.25e-02	4.13047e-02
  4.20e-01	  6.75e-02	3.87507e-02
  4.20e-01	  7.25e-02	3.54148e-02
  4.20e-01	  7.75e-02	3.14394e-02
  4.20e-01	  8.25e-02	2.69338e-02
  4.20e-01	  8.75e-02	2.20302e-02
  4.20e-01	  9.25e-02	1.67424e-02
  4.20e-01	  9.75e-02	1.12570e-02
  4.20e-01	  1.03e-01	5.33427e-03
  4.20e-01	  1.08e-01	-4.79247e-03
  4.20e-01	  1.13e-01	-1.46506e-02
  4.20e-01	  1.18e-01	-1.17528e-02

  4.40e-01	  2.50e-03	-2.53698e-03
  4.40e-01	  7.50e-03	-2.66689e-03
  4.40e-01	  1.25e-02	1.47673e-03
  4.40e-01	  1.75e-02	8.04011e-03
  4.40e-01	  2.25e-02	1.45229e-02
  4.40e-01	  2.75e-02	1.99869e-02
  4.40e-01	  3.25e-02	2.37821e-02
  4.40e-01	  3.75e-02	2.67896e-02
  4.40e-01	  4.25e-02	2.95368e-02
  4.40e-01	  4.75e-02	3.24034e-02
  4.40e-01	  5.25e-02	3.57518e-02
  4.40e-01	  5.75e-02	3.86193e-02
  4.40e-01	  6.25e-02	4.04984e-02
  4.40e-01	  6.75e-02	4.11954e-02
  4.40e-01	  7.25e-02	4.07075e-02
  4.40e-01	  7.75e-02	3.91248e-02
  4.40e-01	  8.25e-02	3.65757e-02
  4.40e-01	  8.75e-02	3.32071e-02
  4.40e-01	  9.25e-02	2.91534e-02
  4.40e-01	  9.75e-02	2.45608e-02
  4.40e-01	  1.03e-01	1.95064e-02
  4.40e-01	  1.08e-01	1.43434e-02
  4.40e-01	  1.13e-01	7.14700e-03
  4.40e-01	  1.18e-01	-1.06712e-04

  4.60e-01	  2.50e-03	1.47478e-35
  4.60e-01	  7.50e-03	1.47014e-35
  4.60e-01	  1.25e-02	1.46457e-35
  4.60e-01	  1.75e-02	1.47996e-35
  4.60e-01	  2.25e-02	1.53178e-35
  4.60e-01	  2.75e-02	1.59945e-35
  4.60e-01	  3.25e-02	1.65505e-35
  4.60e-01	  3.75e-02	1.67913e-35
  4.60e-01	  4.25e-02	1.66132e-35
  4.60e-01	  4.75e-02	1.59313e-35
  4.60e-01	  5.25e-02	2.39712e-02
  4.60e-01	  5.75e-02	3.80990e-02
  4.60e-01	  6.25e-02	4.62843e-02
  4.60e-01	  6.75e-02	5.06658e-02
  4.60e-01	  7.25e-02	5.24334e-02
  4.60e-01	  7.75e-02	5.22989e-02
  4.60e-01	  8.25e-02	5.07355e-02
  4.60e-01	  8.75e-02	4.80919e-02
  4.60e-01	  9.25e-02	4.46444e-02
  4.60e-01	  9.75e-02	4.06322e-02
  4.60e-01	  1.03e-01	3.62798e-02
  4.60e-01	  1.08e-01	3.16800e-02
  4.60e-01	  1.13e-01	2.54638e-02
  4.60e-01	  1.18e-01	1.35914e-02

  4.80e-01	  2.50e-03	-2.49029e-04
  4.80e-01	  7.50e-03	-3.30872e-03
  4.80e-01	  1.25e-02	-6.58941e-03
  4.80e-01	  1.75e-02	-8.27360e-03
  4.80e-01	  2.25e-02	-8.23020e-03
  4.80e-01	  2.75e-02	-7.04545e-03
  4.80e-01	  3.25e-02	-5.23808e-03
  4.80e-01	  3.75e-02	-3.33458e-03
  4.80e-01	  4.25e-02	-1.56843e-03
  4.80e-01	  4.75e-02	-1.21714e-04
  4.80e-01	  5.25e-02	9.61501e-03
  4.80e-01	  5.75e-02	2.52606e-02
  4.80e-01	  6.25e-02	3.91405e-02
  4.80e-01	  6.75e-02	4.89185e-02
  4.80e-01	  7.25e-02	5.47762e-02
  4.80e-01	  7.75e-02	5.75070e-02
  4.80e-01	  8.25e-02	5.79081e-02
  4.80e-01	  8.75e-02	5.66324e-02
  4.80e-01	  9.25e-02	5.41680e-02
  4.80e-01	  9.75e-02	5.07909e-02
  4.80e-01	  1.03e-01	4.69826e-02
  4.80e-01	  1.08e-01	4.25665e-02
  4.80e-01	  1.13e-01	3.54484e-02
  4.80e-01	  1.18e-01	1.92114e-02

  5.00e-01	  2.50e-03	-3.48446e-03
  5.00e-01	  7.50e-03	-1.14444e-02
  5.00e-01	  1.25e-02	-1.58549e-02
  5.00e-01	  1.75e-02	-1.64761e-02
  5.00e-01	  2.25e-02	-1.44186e-02
  5.00e-01	  2.75e-02	-1.12917e-02
  5.00e-01	  3.25e-02	-7.31373e-03
  5.00e-01	  3.75e-02	-3.53214e-03
  5.00e-01	  4.25e-02	6.05030e-04
  5.00e-01	  4.75e-02	6.49316e-03
  5.00e-01	  5.25e-02	1.54277e-02
  5.00e-01	  5.75e-02	2.82188e-02
  5.00e-01	  6.25e-02	4.10760e-02
  5.00e-01	  6.75e-02	5.06601e-02
  5.00e-01	  7.25e-02	5.65637e-02
  5.00e-01	  7.75e-02	5.94877e-02
  5.00e-01	  8.25e-02	6.01875e-02
  5.00e-01	  8.75e-02	5.92674e-02
  5.00e-01	  9.25e-02	5.71693e-02
  5.00e-01	  9.75e-02	5.41729e-02
  5.00e-01	  1.03e-01	5.04927e-02
  5.00e-01	  1.08e-01	4.54570e-02
  5.00e-01	  1.13e-01	3.63747e-02
  5.00e-01	  1.18e-01	1.75827e-02

  5.20e-01	  2.50e-03	-9.73333e-03
  5.20e-01	  7.50e-03	-2.09851e-02
  5.20e-01	  1.25e-02	-2.37609e-02
  5.20e-01	  1.75e-02	-2.15980e-02
  5.20e-01	  2.25e-02	-1.67688e-02
  5.20e-01	  2.75e-02	-1.24558e-02
  5.20e-01	  3.25e-02	-6.30204e-03
  5.20e-01	  3.75e-02	4.42331e-03
  5.20e-01	  4.25e-02	1.35672e-02
  5.20e-01	  4.75e-02	2.10733e-02
  5.20e-01	  5.25e-02	2.88961e-02
  5.20e-01	  5.75e-02	3.74094e-02
  5.20e-01	  6.25e-02	4.56462e-02
  5.20e-01	  6.75e-02	5.20088e-02
  5.20e-01	  7.25e-02	5.60193e-02
  5.20e-01	  7.75e-02	5.79217e-02
  5.20e-01	  8.25e-02	5.81325e-02
  5.20e-01	  8.75e-02	5.70308e-02
  5.20e-01	  9.25e-02	5.48881e-02
  5.20e-01	  9.75e-02	5.17945e-02
  5.20e-01	  1.03e-01	4.74617e-02
  5.20e-01	  1.08e-01	4.09235e-02
  5.20e-01	  1.13e-01	2.98386e-02
  5.20e-01	  1.18e-01	1.16365e-02

  5.40e-01	  2.50e-03	-1.55360e-02
  5.40e-01	  7.50e-03	-2.56266e-02
  5.40e-01	  1.25e-02	-2.42973e-02
  5.40e-01	  1.75e-02	-1.84341e-02
  5.40e-01	  2.25e-02	-7.87670e-03
  5.40e-01	  2.75e-02	4.32340e-03
  5.40e-01	  3.25e-02	1.10428e-02
  5.40e-01	  3.75e-02	1.68184e-02
  5.40e-01	  4.25e-02	2.32249e-02
  5.40e-01	  4.75e-02	2.95240e-02
  5.40e-01	  5.25e-02	3.56590e-02
  5.40e-01	  5.75e-02	4.14682e-02
  5.40e-01	  6.25e-02	4.64881e-02
  5.40e-01	  6.75e-02	5.01523e-02
  5.40e-01	  7.25e-02	5.22681e-02
  5.40e-01	  7.75e-02	5.29471e-02
  5.40e-01	  8.25e-02	5.23929e-02
  5.40e-01	  8.75e-02	5.07753e-02
  5.40e-01	  9.25e-02	4.81519e-02
  5.40e-01	  9.75e-02	4.43707e-02
  5.40e-01	  1.03e-01	3.88708e-02
  5.40e-01	  1.08e-01	3.02065e-02
  5.40e-01	  1.13e-01	1.85289e-02
  5.40e-01	  1.18e-01	4.79417e-03

  5.60e-01	  2.50e-03	-1.39434e-02
  5.60e-01	  7.50e-03	-1.78253e-02
  5.60e-01	  1.25e-02	-8.14113e-03
  5.60e-01	  1.75e-02	3.12215e-03
  5.60e-01	  2.25e-02	9.81632e-03
  5.60e-01	  2.75e-02	1.53829e-02
  5.60e-01	  3.25e-02	2.09836e-02
  5.60e-01	  3.75e-02	2.61617e-02
  5.60e-01	  4.25e-02	3.09873e-02
  5.60e-01	  4.75e-02	3.53302e-02
  5.60e-01	  5.25e-02	3.90884e-02
  5.60e-01	  5.75e-02	4.21287e-02
  5.60e-01	  6.25e-02	4.42833e-02
  5.60e-01	  6.75e-02	4.54277e-02
  5.60e-01	  7.25e-02	4.55808e-02
  5.60e-01	  7.75e-02	4.48488e-02
  5.60e-01	  8.25e-02	4.32888e-02
  5.60e-01	  8.75e-02	4.08688e-02
  5.60e-01	  9.25e-02	3.74200e-02
  5.60e-01	  9.75e-02	3.25686e-02
  5.60e-01	  1.03e-01	2.56034e-02
  5.60e-01	  1.08e-01	1.57456e-02
  5.60e-01	  1.13e-01	6.08930e-03
  5.60e-01	  1.18e-01	-4.03434e-04

  5.80e-01	  2.50e-03	-1.62031e-03
  5.80e-01	  7.50e-03	5.70765e-03
  5.80e-01	  1.25e-02	1.37128e-02
  5.80e-01	  1.75e-02	1.88038e-02
  5.80e-01	  2.25e-02	2.40694e-02
  5.80e-01	  2.75e-02	2.88497e-02
  5.80e-01	  3.25e-02	3.31128e-02
  5.80e-01	  3.75e-02	3.66960e-02
  5.80e-01	  4.25e-02	3.94725e-02
  5.80e-01	  4.75e-02	4.12953e-02
  5.80e-01	  5.25e-02	4.20337e-02
  5.80e-01	  5.75e-02	4.15923e-02
  5.80e-01	  6.25e-02	3.99627e-02
  5.80e-01	  6.75e-02	3.73208e-02
  5.80e-01	  7.25e-02	3.41709e-02
  5.80e-01	  7.75e-02	3.15236e-02
  5.80e-01	  8.25e-02	2.89953e-02
  5.80e-01	  8.75e-02	2.61959e-02
  5.80e-01	  9.25e-02	2.25913e-02
  5.80e-01	  9.75e-02	1.72585e-02
  5.80e-01	  1.03e-01	1.00121e-02
  5.80e-01	  1.08e-01	2.14271e-03
  5.80e-01	  1.13e-01	-3.13702e-03
  5.80e-01	  1.18e-01	-3.09467e-03

  6.00e-01	  2.50e-03	1.42687e-02
  6.00e-01	  7.50e-03	2.64250e-02
  6.00e-01	  1.25e-02	3.27359e-02
  6.00e-01	  1.75e-02	3.72638e-02
  6.00e-01	  2.25e-02	4.16998e-02
  6.00e-01	  2.75e-02	4.57965e-02
  6.00e-01	  3.25e-02	4.93278e-02
  6.00e-01	  3.75e-02	5.20435e-02
  6.00e-01	  4.25e-02	5.36605e-02
  6.00e-01	  4.75e-02	5.38218e-02
  6.00e-01	  5.25e-02	5.20431e-02
  6.00e-01	  5.75e-02	4.75915e-02
  6.00e-01	  6.25e-02	3.92299e-02
  6.00e-01	  6.75e-02	2.47213e-02
  6.00e-01	  7.25e-02	1.69681e-35
  6.00e-01	  7.75e-02	1.78889e-35
  6.00e-01	  8.25e-02	1.82394e-35
  6.00e-01	  8.75e-02	1.80973e-35
  6.00e-01	  9.25e-02	1.75523e-35
  6.00e-01	  9.75e-02	1.68058e-35
  6.00e-01	  1.03e-01	1.61260e-35
  6.00e-01	  1.08e-01	1.58671e-35
  6.00e-01	  1.13e-01	1.59141e-35
  6.00e-01	  1.18e-01	1.59623e-35

  6.20e-01	  2.50e-03	2.07310e-02
  6.20e-01	  7.50e-03	3.76154e-02
  6.20e-01	  1.25e-02	4.47915e-02
  6.20e-01	  1.75e-02	4.91224e-02
  6.20e-01	  2.25e-02	5.29105e-02
  6.20e-01	  2.75e-02	5.61838e-02
  6.20e-01	  3.25e-02	5.84891e-02
  6.20e-01	  3.75e-02	5.95344e-02
  6.20e-01	  4.25e-02	5.87870e-02
  6.20e-01	  4.75e-02	5.55742e-02
  6.20e-01	  5.25e-02	4.91048e-02
  6.20e-01	  5.75e-02	3.86482e-02
  6.20e-01	  6.25e-02	2.42115e-02
  6.20e-01	  6.75e-02	8.61202e-03
  6.20e-01	  7.25e-02	2.98588e-04
  6.20e-01	  7.75e-02	-1.30739e-03
  6.20e-01	  8.25e-02	-3.19074e-03
  6.20e-01	  8.75e-02	-5.19887e-03
  6.20e-01	  9.25e-02	-7.07985e-03
  6.20e-01	  9.75e-02	-8.32970e-03
  6.20e-01	  1.03e-01	-8.40765e-03
  6.20e-01	  1.08e-01	-6.70975e-03
  6.20e-01	  1.13e-01	-3.35795e-03
  6.20e-01	  1.18e-01	-2.17797e-04

  6.40e-01	  2.50e-03	1.91038e-02
  6.40e-01	  7.50e-03	3.88754e-02
  6.40e-01	  1.25e-02	4.81451e-02
  6.40e-01	  1.75e-02	5.31370e-02
  6.40e-01	  2.25e-02	5.67473e-02
  6.40e-01	  2.75e-02	5.95936e-02
  6.40e-01	  3.25e-02	6.14672e-02
  6.40e-01	  3.75e-02	6.20732e-02
  6.40e-01	  4.25e-02	6.09324e-02
  6.40e-01	  4.75e-02	5.74130e-02
  6.40e-01	  5.25e-02	5.07551e-02
  6.40e-01	  5.75e-02	4.03505e-02
  6.40e-01	  6.25e-02	2.69664e-02
  6.40e-01	  6.75e-02	1.44085e-02
  6.40e-01	  7.25e-02	6.09500e-03
  6.40e-01	  7.75e-02	5.56405e-04
  6.40e-01	  8.25e-02	-3.52234e-03
  6.40e-01	  8.75e-02	-7.46419e-03
  6.40e-01	  9.25e-02	-1.14900e-02
  6.40e-01	  9.75e-02	-1.47034e-02
  6.40e-01	  1.03e-01	-1.68348e-02
  6.40e-01	  1.08e-01	-1.62219e-02
  6.40e-01	  1.13e-01	-1.17311e-02
  6.40e-01	  1.18e-01	-3.54483e-03

  6.60e-01	  2.50e-03	1.26739e-02
  6.60e-01	  7.50e-03	3.20498e-02
  6.60e-01	  1.25e-02	4.35230e-02
  6.60e-01	  1.75e-02	5.01220e-02
  6.60e-01	  2.25e-02	5.43961e-02
  6.60e-01	  2.75e-02	5.73599e-02
  6.60e-01	  3.25e-02	5.93008e-02
  6.60e-01	  3.75e-02	6.01236e-02
  6.60e-01	  4.25e-02	5.95402e-02
  6.60e-01	  4.75e-02	5.71621e-02
  6.60e-01	  5.25e-02	5.25891e-02
  6.60e-01	  5.75e-02	4.56584e-02
  6.60e-01	  6.25e-02	3.70341e-02
  6.60e-01	  6.75e-02	2.84478e-02
  6.60e-01	  7.25e-02	2.05686e-02
  6.60e-01	  7.75e-02	1.30589e-02
  6.60e-01	  8.25e-02	3.72500e-03
  6.60e-01	  8.75e-02	-6.84974e-03
  6.60e-01	  9.25e-02	-1.27481e-02
  6.60e-01	  9.75e-02	-1.71817e-02
  6.60e-01	  1.03e-01	-2.21459e-02
  6.60e-01	  1.08e-01	-2.43657e-02
  6.60e-01	  1.13e-01	-2.15695e-02
  6.60e-01	  1.18e-01	-1.00162e-02

  6.80e-01	  2.50e-03	5.20002e-03
  6.80e-01	  7.50e-03	2.00180e-02
  6.80e-01	  1.25e-02	3.23532e-02
  6.80e-01	  1.75e-02	4.11454e-02
  6.80e-01	  2.25e-02	4.66538e-02
  6.80e-01	  2.75e-02	5.03622e-02
  6.80e-01	  3.25e-02	5.28433e-02
  6.80e-01	  3.75e-02	5.42542e-02
  6.80e-01	  4.25e-02	5.45360e-02
  6.80e-01	  4.75e-02	5.35215e-02
  6.80e-01	  5.25e-02	5.10239e-02
  6.80e-01	  5.75e-02	4.69774e-02
  6.80e-01	  6.25e-02	4.16502e-02
  6.80e-01	  6.75e-02	3.56536e-02
  6.80e-01	  7.25e-02	2.93984e-02
  6.80e-01	  7.75e-02	2.30345e-02
  6.80e-01	  8.25e-02	1.66133e-02
  6.80e-01	  8.75e-02	1.08560e-02
  6.80e-01	  9.25e-02	3.97481e-03
  6.80e-01	  9.75e-02	-8.39870e-03
  6.80e-01	  1.03e-01	-1.90540e-02
  6.80e-01	  1.08e-01	-2.49813e-02
  6.80e-01	  1.13e-01	-2.64246e-02
  6.80e-01	  1.18e-01	-1.60963e-02

  7.00e-01	  2.50e-03	-4.46607e-04
  7.00e-01	  7.50e-03	6.68693e-03
  7.00e-01	  1.25e-02	1.70042e-02
  7.00e-01	  1.75e-02	2.72853e-02
  7.00e-01	  2.25e-02	3.43024e-02
  7.00e-01	  2.75e-02	3.91281e-02
  7.00e-01	  3.25e-02	4.24898e-02
  7.00e-01	  3.75e-02	4.47727e-02
  7.00e-01	  4.25e-02	4.61526e-02
  7.00e-01	  4.75e-02	4.66691e-02
  7.00e-01	  5.25e-02	4.62773e-02
  7.00e-01	  5.75e-02	4.48937e-02
  7.00e-01	  6.25e-02	4.25322e-02
  7.00e-01	  6.75e-02	3.93412e-02
  7.00e-01	  7.25e-02	3.54873e-02
  7.00e-01	  7.75e-02	3.10980e-02
  7.00e-01	  8.25e-02	2.62661e-02
  7.00e-01	  8.75e-02	2.11020e-02
  7.00e-01	  9.25e-02	1.55165e-02
  7.00e-01	  9.75e-02	9.94890e-03
  7.00e-01	  1.03e-01	3.21755e-03
  7.00e-01	  1.08e-01	-8.04934e-03
  7.00e-01	  1.13e-01	-1.84445e-02
  7.00e-01	  1.18e-01	-1.45844e-02

  7.20e-01	  2.50e-03	-3.31566e-03
  7.20e-01	  7.50e-03	-3.27632e-03
  7.20e-01	  1.25e-02	2.52597e-03
  7.20e-01	  1.75e-02	1.08808e-02
  7.20e-01	  2.25e-02	1.83650e-02
  7.20e-01	  2.75e-02	2.36460e-02
  7.20e-01	  3.25e-02	2.71670e-02
  7.20e-01	  3.75e-02	2.98624e-02
  7.20e-01	  4.25e-02	3.22710e-02
  7.20e-01	  4.75e-02	3.47876e-02
  7.20e-01	  5.25e-02	3.78016e-02
  7.20e-01	  5.75e-02	4.02994e-02
  7.20e-01	  6.25e-02	4.18091e-02
  7.20e-01	  6.75e-02	4.21831e-02
  7.20e-01	  7.25e-02	4.14446e-02
  7.20e-01	  7.75e-02	3.96915e-02
  7.20e-01	  8.25e-02	3.70453e-02
  7.20e-01	  8.75e-02	3.36326e-02
  7.20e-01	  9.25e-02	2.95544e-02
  7.20e-01	  9.75e-02	2.49405e-02
  7.20e-01	  1.03e-01	1.97911e-02
  7.20e-01	  1.08e-01	1.46690e-02
  7.20e-01	  1.13e-01	6.86812e-03
  7.20e-01	  1.18e-01	-1.30108e-03

  7.40e-01	  2.50e-03	1.57351e-35
  7.40e-01	  7.50e-03	1.57341e-35
  7.40e-01	  1.25e-02	1.57988e-35
  7.40e-01	  1.75e-02	1.61880e-35
  7.40e-01	  2.25e-02	1.69204e-35
  7.40e-01	  2.75e-02	1.76182e-35
  7.40e-01	  3.25e-02	1.80725e-35
  7.40e-01	  3.75e-02	1.81430e-35
  7.40e-01	  4.25e-02	1.77778e-35
  7.40e-01	  4.75e-02	1.69504e-35
  7.40e-01	  5.25e-02	2.48059e-02
  7.40e-01	  5.75e-02	3.89435e-02
  7.40e-01	  6.25e-02	4.70566e-02
  7.40e-01	  6.75e-02	5.14263e-02
  7.40e-01	  7.25e-02	5.33199e-02
  7.40e-01	  7.75e-02	5.34728e-02
  7.40e-01	  8.25e-02	5.23364e-02
  7.40e-01	  8.75e-02	5.02108e-02
  7.40e-01	  9.25e-02	4.73128e-02
  7.40e-01	  9.75e-02	4.38246e-02
  7.40e-01	  1.03e-01	3.98987e-02
  7.40e-01	  1.08e-01	3.57975e-02
  7.40e-01	  1.13e-01	2.96565e-02
  7.40e-01	  1.18e-01	1.63803e-02

  7.60e-01	  2.50e-03	-5.95725e-04
  7.60e-01	  7.50e-03	-1.09246e-03
  7.60e-01	  1.25e-02	-1.57479e-03
  7.60e-01	  1.75e-02	-2.33432e-03
  7.60e-01	  2.25e-02	-3.34654e-03
  7.60e-01	  2.75e-02	-4.53239e-03
  7.60e-01	  3.25e-02	-5.75210e-03
  7.60e-01	  3.75e-02	-6.87593e-03
  7.60e-01	  4.25e-02	-7.64437e-03
  7.60e-01	  4.75e-02	-6.80415e-03
  7.60e-01	  5.25e-02	3.62297e-03
  7.60e-01	  5.75e-02	2.20978e-02
  7.60e-01	  6.25e-02	3.60041e-02
  7.60e-01	  6.75e-02	4.57833e-02
  7.60e-01	  7.25e-02	5.24039e-02
  7.60e-01	  7.75e-02	5.65511e-02
  7.60e-01	  8.25e-02	5.87278e-02
  7.60e-01	  8.75e-02	5.93201e-02
  7.60e-01	  9.25e-02	5.86377e-02
  7.60e-01	  9.75e-02	5.69417e-02
  7.60e-01	  1.03e-01	5.44635e-02
  7.60e-01	  1.08e-01	5.10687e-02
  7.60e-01	  1.13e-01	4.44225e-02
  7.60e-01	  1.18e-01	2.54277e-02

  7.80e-01	  2.50e-03	-8.15041e-04
  7.80e-01	  7.50e-03	-1.32025e-03
  7.80e-01	  1.25e-02	-1.88946e-03
  7.80e-01	  1.75e-02	-2.94125e-03
  7.80e-01	  2.25e-02	-4.26020e-03
  7.80e-01	  2.75e-02	-5.64633e-03
  7.80e-01	  3.25e-02	-6.82106e-03
  7.80e-01	  3.75e-02	-7.48744e-03
  7.80e-01	  4.25e-02	-7.28240e-03
  7.80e-01	  4.75e-02	-5.53706e-03
  7.80e-01	  5.25e-02	-1.01422e-03
  7.80e-01	  5.75e-02	1.01074e-02
  7.80e-01	  6.25e-02	2.45395e-02
  7.80e-01	  6.75e-02	3.77115e-02
  7.80e-01	  7.25e-02	4.81832e-02
  7.80e-01	  7.75e-02	5.55730e-02
  7.80e-01	  8.25e-02	6.05252e-02
  7.80e-01	  8.75e-02	6.34510e-02
  7.80e-01	  9.25e-02	6.46928e-02
  7.80e-01	  9.75e-02	6.45028e-02
  7.80e-01	  1.03e-01	6.30976e-02
  7.80e-01	  1.08e-01	5.99743e-02
  7.80e-01	  1.13e-01	5.15955e-02
  7.80e-01	  1.18e-01	2.76103e-02

  8.00e-01	  2.50e-03	-6.71677e-04
  8.00e-01	  7.50e-03	-8.48235e-04
  8.00e-01	  1.25e-02	-1.35690e-03
  8.00e-01	  1.75e-02	-2.59734e-03
  8.00e-01	  2.25e-02	-4.16445e-03
  8.00e-01	  2.75e-02	-5.71284e-03
  8.00e-01	  3.25e-02	-6.81038e-03
  8.00e-01	  3.75e-02	-7.15030e-03
  8.00e-01	  4.25e-02	-6.53565e-03
  8.00e-01	  4.75e-02	-4.72982e-03
  8.00e-01	  5.25e-02	-1.22268e-03
  8.00e-01	  5.75e-02	5.83389e-03
  8.00e-01	  6.25e-02	1.79610e-02
  8.00e-01	  6.75e-02	3.19012e-02
  8.00e-01	  7.25e-02	4.44461e-02
  8.00e-01	  7.75e-02	5.41818e-02
  8.00e-01	  8.25e-02	6.11333e-02
  8.00e-01	  8.75e-02	6.56569e-02
  8.00e-01	  9.25e-02	6.81393e-02
  8.00e-01	  9.75e-02	6.88769e-02
  8.00e-01	  1.03e-01	6.79658e-02
  8.00e-01	  1.08e-01	6.43776e-02
  8.00e-01	  1.13e-01	5.36366e-02
  8.00e-01	  1.18e-01	2.59605e-02

  8.20e-01	  2.50e-03	-4.36236e-04
  8.20e-01	  7.50e-03	-2.91994e-04
  8.20e-01	  1.25e-02	-8.37153e-04
  8.20e-01	  1.75e-02	-2.35354e-03
  8.20e-01	  2.25e-02	-4.28712e-03
  8.20e-01	  2.75e-02	-6.08314e-03
  8.20e-01	  3.25e-02	-7.18112e-03
  8.20e-01	  3.75e-02	-7.29161e-03
  8.20e-01	  4.25e-02	-6.32350e-03
  8.20e-01	  4.75e-02	-4.21123e-03
  8.20e-01	  5.25e-02	-7.12805e-04
  8.20e-01	  5.75e-02	5.50992e-03
  8.20e-01	  6.25e-02	1.57630e-02
  8.20e-01	  6.75e-02	2.90586e-02
  8.20e-01	  7.25e-02	4.24387e-02
  8.20e-01	  7.75e-02	5.35385e-02
  8.20e-01	  8.25e-02	6.17172e-02
  8.20e-01	  8.75e-02	6.71887e-02
  8.20e-01	  9.25e-02	7.03645e-02
  8.20e-01	  9.75e-02	7.15497e-02
  8.20e-01	  1.03e-01	7.06404e-02
  8.20e-01	  1.08e-01	6.60686e-02
  8.20e-01	  1.13e-01	5.28632e-02
  8.20e-01	  1.18e-01	2.29832e-02

  8.40e-01	  2.50e-03	-2.08346e-04
  8.40e-01	  7.50e-03	2.82666e-04
  8.40e-01	  1.25e-02	-3.31320e-04
  8.40e-01	  1.75e-02	-2.16321e-03
  8.40e-01	  2.25e-02	-4.55223e-03
  8.40e-01	  2.75e-02	-6.62414e-03
  8.40e-01	  3.25e-02	-7.70391e-03
  8.40e-01	  3.75e-02	-7.57406e-03
  8.40e-01	  4.25e-02	-6.26853e-03
  8.40e-01	  4.75e-02	-3.82603e-03
  8.40e-01	  5.25e-02	-5.67797e-05
  8.40e-01	  5.75e-02	6.18769e-03
  8.40e-01	  6.25e-02	1.56491e-02
  8.40e-01	  6.75e-02	2.81292e-02
  8.40e-01	  7.25e-02	4.15553e-02
  8.40e-01	  7.75e-02	5.33192e-02
  8.40e-01	  8.25e-02	6.22377e-02
  8.40e-01	  8.75e-02	6.83008e-02
  8.40e-01	  9.25e-02	7.18827e-02
  8.40e-01	  9.75e-02	7.32455e-02
  8.40e-01	  1.03e-01	7.20596e-02
  8.40e-01	  1.08e-01	6.63212e-02
  8.40e-01	  1.13e-01	5.09693e-02
  8.40e-01	  1.18e-01	2.00966e-02

  8.60e-01	  2.50e-03	3.02741e-04
  8.60e-01	  7.50e-03	1.49403e-03
  8.60e-01	  1.25e-02	7.05447e-04
  8.60e-01	  1.75e-02	-1.62735e-03
  8.60e-01	  2.25e-02	-4.69359e-03
  8.60e-01	  2.75e-02	-7.08041e-03
  8.60e-01	  3.25e-02	-8.08619e-03
  8.60e-01	  3.75e-02	-7.65529e-03
  8.60e-01	  4.25e-02	-6.01268e-03
  8.60e-01	  4.75e-02	-3.38165e-03
  8.60e-01	  5.25e-02	3.57432e-04
  8.60e-01	  5.75e-02	6.51602e-03
  8.60e-01	  6.25e-02	1.55756e-02
  8.60e-01	  6.75e-02	2.74660e-02
  8.60e-01	  7.25e-02	4.07235e-02
  8.60e-01	  7.75e-02	5.28792e-02
  8.60e-01	  8.25e-02	6.23896e-02
  8.60e-01	  8.75e-02	6.89745e-02
  8.60e-01	  9.25e-02	7.29128e-02
  8.60e-01	  9.75e-02	7.43972e-02
  8.60e-01	  1.03e-01	7.29060e-02
  8.60e-01	  1.08e-01	6.61445e-02
  8.60e-01	  1.13e-01	4.91823e-02
  8.60e-01	  1.18e-01	1.79015e-02

  8.80e-01	  2.50e-03	1.79340e-03
  8.80e-01	  7.50e-03	4.10216e-03
  8.80e-01	  1.25e-02	2.73060e-03
  8.80e-01	  1.75e-02	-9.44206e-04
  8.80e-01	  2.25e-02	-5.08089e-03
  8.80e-01	  2.75e-02	-7.84317e-03
  8.80e-01	  3.25e-02	-8.76584e-03
  8.80e-01	  3.75e-02	-7.99049e-03
  8.80e-01	  4.25e-02	-5.88637e-03
  8.80e-01	  4.75e-02	-2.95114e-03
  8.80e-01	  5.25e-02	6.61677e-04
  8.80e-01	  5.75e-02	6.52270e-03
  8.80e-01	  6.25e-02	1.49558e-02
  8.80e-01	  6.75e-02	2.61827e-02
  8.80e-01	  7.25e-02	3.92022e-02
  8.80e-01	  7.75e-02	5.17385e-02
  8.80e-01	  8.25e-02	6.19514e-02
  8.80e-01	  8.75e-02	6.92212e-02
  8.80e-01	  9.25e-02	7.36656e-02
  8.80e-01	  9.75e-02	7.54073e-02
  8.80e-01	  1.03e-01	7.38098e-02
  8.80e-01	  1.08e-01	6.64247e-02
  8.80e-01	  1.13e-01	4.84355e-02
  8.80e-01	  1.18e-01	1.66008e-02

  9.00e-01	  2.50e-03	5.25111e-03
  9.00e-01	  7.50e-03	8.34951e-03
  9.00e-01	  1.25e-02	4.93581e-03
  9.00e-01	  1.75e-02	-1.11250e-03
  9.00e-01	  2.25e-02	-6.27437e-03
  9.00e-01	  2.75e-02	-9.26670e-03
  9.00e-01	  3.25e-02	-1.00850e-02
  9.00e-01	  3.75e-02	-9.10117e-03
  9.00e-01	  4.25e-02	-6.68349e-03
  9.00e-01	  4.75e-02	-3.23585e-03
  9.00e-01	  5.25e-02	1.01097e-03
  9.00e-01	  5.75e-02	7.12806e-03
  9.00e-01	  6.25e-02	1.44689e-02
  9.00e-01	  6.75e-02	2.43570e-02
  9.00e-01	  7.25e-02	3.67357e-02
  9.00e-01	  7.75e-02	4.96182e-02
  9.00e-01	  8.25e-02	6.07824e-02
  9.00e-01	  8.75e-02	6.90977e-02
  9.00e-01	  9.25e-02	7.43905e-02
  9.00e-01	  9.75e-02	7.67017e-02
  9.00e-01	  1.03e-01	7.53659e-02
  9.00e-01	  1.08e-01	6.78936e-02
  9.00e-01	  1.13e-01	4.93992e-02
  9.00e-01	  1.18e-01	1.62748e-02

  9.20e-01	  2.50e-03	1.06839e-02
  9.20e-01	  7.50e-03	1.16956e-02
  9.20e-01	  1.25e-02	3.09061e-03
  9.20e-01	  1.75e-02	-5.01435e-03
  9.20e-01	  2.25e-02	-1.01303e-02
  9.20e-01	  2.75e-02	-1.22789e-02
  9.20e-01	  3.25e-02	-1.19279e-02
  9.20e-01	  3.75e-02	-9.81808e-03
  9.20e-01	  4.25e-02	-6.57260e-03
  9.20e-01	  4.75e-02	-2.56543e-03
  9.20e-01	  5.25e-02	2.43813e-03
  9.20e-01	  5.75e-02	8.89861e-03
  9.20e-01	  6.25e-02	1.55579e-02
  9.20e-01	  6.75e-02	2.35869e-02
  9.20e-01	  7.25e-02	3.41967e-02
  9.20e-01	  7.75e-02	4.66607e-02
  9.20e-01	  8.25e-02	5.87495e-02
  9.20e-01	  8.75e-02	6.85625e-02
  9.20e-01	  9.25e-02	7.52338e-02
  9.20e-01	  9.75e-02	7.87265e-02
  9.20e-01	  1.03e-01	7.81984e-02
  9.20e-01	  1.08e-01	7.11021e-02
  9.20e-01	  1.13e-01	5.23093e-02
  9.20e-01	  1.18e-01	1.68876e-02

  9.40e-01	  2.50e-03	8.76256e-03
  9.40e-01	  7.50e-03	4.02194e-03
  9.40e-01	  1.25e-02	-5.61838e-03
  9.40e-01	  1.75e-02	-1.19187e-02
  9.40e-01	  2.25e-02	-1.49920e-02
  9.40e-01	  2.75e-02	-1.53825e-02
  9.40e-01	  3.25e-02	-1.35600e-02
  9.40e-01	  3.75e-02	-1.01612e-02
  9.40e-01	  4.25e-02	-5.64056e-03
  9.40e-01	  4.75e-02	-4.50208e-04
  9.40e-01	  5.25e-02	5.00975e-03
  9.40e-01	  5.75e-02	1.08512e-02
  9.40e-01	  6.25e-02	1.73656e-02
  9.40e-01	  6.75e-02	2.49569e-02
  9.40e-01	  7.25e-02	3.44351e-02
  9.40e-01	  7.75e-02	4.60551e-02
  9.40e-01	  8.25e-02	5.85741e-02
  9.40e-01	  8.75e-02	6.99108e-02
  9.40e-01	  9.25e-02	7.84152e-02
  9.40e-01	  9.75e-02	8.32720e-02
  9.40e-01	  1.03e-01	8.37348e-02
  9.40e-01	  1.08e-01	7.72935e-02
  9.40e-01	  1.13e-01	5.79746e-02
  9.40e-01	  1.18e-01	1.70206e-02

